9.833386835308147 1
9.295615905828843 -1
20.0 1
19.0 1
18.0 1
17.0 1
16.0 1
15.0 1
13.590540777693175 1
12.313586094262652 1
11.654788552771414 1
0.0 -1
1.0 -1
2.0 -1
3.0 -1
3.7386677372377926 -1
3.856631598513891 -1
4.487778035337819 -1
5.263115834870767 -1
6.154930523367157 -1
1920.547772178003 -1
1921.547772178003 -1
1922.547772178003 -1
1923.547772178003 -1
1924.547772178003 -1
1925.547772178003 -1
1926.547772178003 -1
1927.547772178003 -1
1928.547772178003 -1
1929.547772178003 -1
1930.547772178003 -1
1931.547772178003 -1
1932.547772178003 -1
1933.547772178003 -1
1934.547772178003 -1
1935.547772178003 -1
1936.547772178003 -1
1937.547772178003 -1
1938.547772178003 -1
1939.547772178003 -1
1940.547772178003 -1
1941.547772178003 -1
1942.547772178003 -1
1943.547772178003 -1
1944.547772178003 -1
1945.547772178003 -1
1946.547772178003 -1
1947.547772178003 -1
1948.547772178003 -1
1949.547772178003 -1
1950.547772178003 -1
1951.547772178003 -1
1952.547772178003 -1
1953.547772178003 -1
1954.547772178003 -1
1955.547772178003 -1
1956.547772178003 -1
1957.547772178003 -1
1958.547772178003 -1
1959.547772178003 -1
1960.547772178003 -1
1961.547772178003 -1
1962.547772178003 -1
1963.547772178003 -1
1964.547772178003 -1
1965.547772178003 -1
1966.547772178003 -1
1967.547772178003 -1
1968.547772178003 -1
1969.547772178003 -1
1970.547772178003 -1
1971.547772178003 -1
1972.547772178003 -1
1973.547772178003 -1
1974.547772178003 -1
1975.547772178003 -1
1976.547772178003 -1
1977.547772178003 -1
1978.547772178003 -1
1979.547772178003 -1
1980.547772178003 -1
1981.547772178003 -1
1982.547772178003 -1
1983.547772178003 -1
1984.547772178003 -1
1985.547772178003 -1
1986.547772178003 -1
1987.547772178003 -1
1988.547772178003 -1
1989.547772178003 -1
1990.547772178003 -1
1991.547772178003 -1
1992.547772178003 -1
1993.547772178003 -1
1994.547772178003 -1
1995.547772178003 -1
1996.547772178003 -1
1997.547772178003 -1
1998.547772178003 -1
1999.547772178003 -1
2000.547772178003 -1
2001.547772178003 -1
2002.547772178003 -1
2003.547772178003 -1
2004.547772178003 -1
2005.547772178003 -1
2006.547772178003 -1
2007.547772178003 -1
2008.547772178003 -1
2009.547772178003 -1
2010.547772178003 -1
2011.547772178003 -1
2012.547772178003 -1
2013.547772178003 -1
2014.547772178003 -1
2015.547772178003 -1
2016.547772178003 -1
2017.547772178003 -1
2018.547772178003 -1
2019.547772178003 -1
2020.547772178003 -1
1900.006301681654 -1
1901.006301681654 -1
1902.006301681654 -1
1903.006301681654 -1
1904.006301681654 -1
1905.006301681654 -1
1906.006301681654 -1
1907.006301681654 -1
1908.006301681654 -1
1909.006301681654 -1
1910.006301681654 -1
1911.006301681654 -1
1912.006301681654 -1
1913.006301681654 -1
1914.006301681654 -1
1915.006301681654 -1
1916.006301681654 -1
1917.006301681654 -1
1918.006301681654 -1
1919.006301681654 -1
1920.006301681654 -1
1921.006301681654 -1
1922.006301681654 -1
1923.006301681654 -1
1924.006301681654 -1
1925.006301681654 -1
1926.006301681654 -1
1927.006301681654 -1
1928.006301681654 -1
1929.006301681654 -1
1930.006301681654 -1
1931.006301681654 -1
1932.006301681654 -1
1933.006301681654 -1
1934.006301681654 -1
1935.006301681654 -1
1936.006301681654 -1
1937.006301681654 -1
1938.006301681654 -1
1939.006301681654 -1
1940.006301681654 -1
1941.006301681654 -1
1942.006301681654 -1
1943.006301681654 -1
1944.006301681654 -1
1945.006301681654 -1
1946.006301681654 -1
1947.006301681654 -1
1948.006301681654 -1
1949.006301681654 -1
1950.006301681654 -1
1951.006301681654 -1
1952.006301681654 -1
1953.006301681654 -1
1954.006301681654 -1
1955.006301681654 -1
1956.006301681654 -1
1957.006301681654 -1
1958.006301681654 -1
1959.006301681654 -1
1960.006301681654 -1
1961.006301681654 -1
1962.006301681654 -1
1963.006301681654 -1
1964.006301681654 -1
1965.006301681654 -1
1966.006301681654 -1
1967.006301681654 -1
1968.006301681654 -1
1969.006301681654 -1
1970.006301681654 -1
1971.006301681654 -1
1972.006301681654 -1
1973.006301681654 -1
1974.006301681654 -1
1975.006301681654 -1
1976.006301681654 -1
1977.006301681654 -1
1978.006301681654 -1
1979.006301681654 -1
1980.006301681654 -1
1981.006301681654 -1
1982.006301681654 -1
1983.006301681654 -1
1984.006301681654 -1
1985.006301681654 -1
1986.006301681654 -1
1987.006301681654 -1
1988.006301681654 -1
1989.006301681654 -1
1990.006301681654 -1
1991.006301681654 -1
1992.006301681654 -1
1993.006301681654 -1
1994.006301681654 -1
1995.006301681654 -1
1996.006301681654 -1
1997.006301681654 -1
1998.006301681654 -1
1999.006301681654 -1
2000.006301681654 -1
1899.9990826819992 -1
1900.9990826819992 -1
1901.9990826819992 -1
1902.9990826819992 -1
1903.9990826819992 -1
1904.9990826819992 -1
1905.9990826819992 -1
1906.9990826819992 -1
1907.9990826819992 -1
1908.9990826819992 -1
1909.9990826819992 -1
1910.9990826819992 -1
1911.9990826819992 -1
1912.9990826819992 -1
1913.9990826819992 -1
1914.9990826819992 -1
1915.9990826819992 -1
1916.9990826819992 -1
1917.9990826819992 -1
1918.9990826819992 -1
1919.9990826819992 -1
1920.9990826819992 -1
1921.9990826819992 -1
1922.9990826819992 -1
1923.9990826819992 -1
1924.9990826819992 -1
1925.9990826819992 -1
1926.9990826819992 -1
1927.9990826819992 -1
1928.9990826819992 -1
1929.9990826819992 -1
1930.9990826819992 -1
1931.9990826819992 -1
1932.9990826819992 -1
1933.9990826819992 -1
1934.9990826819992 -1
1935.9990826819992 -1
1936.9990826819992 -1
1937.9990826819992 -1
1938.9990826819992 -1
1939.9990826819992 -1
1940.9990826819992 -1
1941.9990826819992 -1
1942.9990826819992 -1
1943.9990826819992 -1
1944.9990826819992 -1
1945.9990826819992 -1
1946.9990826819992 -1
1947.9990826819992 -1
1948.9990826819992 -1
1949.9990826819992 -1
1950.9990826819992 -1
1951.9990826819992 -1
1952.9990826819992 -1
1953.9990826819992 -1
1954.9990826819992 -1
1955.9990826819992 -1
1956.9990826819992 -1
1957.9990826819992 -1
1958.9990826819992 -1
1959.9990826819992 -1
1960.9990826819992 -1
1961.9990826819992 -1
1962.9990826819992 -1
1963.9990826819992 -1
1964.9990826819992 -1
1965.9990826819992 -1
1966.9990826819992 -1
1967.9990826819992 -1
1968.9990826819992 -1
1969.9990826819992 -1
1970.9990826819992 -1
1971.9990826819992 -1
1972.9990826819992 -1
1973.9990826819992 -1
1974.9990826819992 -1
1975.9990826819992 -1
1976.9990826819992 -1
1977.9990826819992 -1
1978.9990826819992 -1
1979.9990826819992 -1
1980.9990826819992 -1
1981.9990826819992 -1
1982.9990826819992 -1
1983.9990826819992 -1
1984.9990826819992 -1
1985.9990826819992 -1
1986.9990826819992 -1
1987.9990826819992 -1
1988.9990826819992 -1
1989.9990826819992 -1
1990.9990826819992 -1
1991.9990826819992 -1
1992.9990826819992 -1
1993.9990826819992 -1
1994.9990826819992 -1
1995.9990826819992 -1
1996.9990826819992 -1
1997.9990826819992 -1
1998.9990826819992 -1
1999.9990826819992 -1
1899.9988556530832 -1
1900.9988556530832 -1
1901.9988556530832 -1
1902.9988556530832 -1
1903.9988556530832 -1
1904.9988556530832 -1
1905.9988556530832 -1
1906.9988556530832 -1
1907.9988556530832 -1
1908.9988556530832 -1
1909.9988556530832 -1
1910.9988556530832 -1
1911.9988556530832 -1
1912.9988556530832 -1
1913.9988556530832 -1
1914.9988556530832 -1
1915.9988556530832 -1
1916.9988556530832 -1
1917.9988556530832 -1
1918.9988556530832 -1
1919.9988556530832 -1
1920.9988556530832 -1
1921.9988556530832 -1
1922.9988556530832 -1
1923.9988556530832 -1
1924.9988556530832 -1
1925.9988556530832 -1
1926.9988556530832 -1
1927.9988556530832 -1
1928.9988556530832 -1
1929.9988556530832 -1
1930.9988556530832 -1
1931.9988556530832 -1
1932.9988556530832 -1
1933.9988556530832 -1
1934.9988556530832 -1
1935.9988556530832 -1
1936.9988556530832 -1
1937.9988556530832 -1
1938.9988556530832 -1
1939.9988556530832 -1
1940.9988556530832 -1
1941.9988556530832 -1
1942.9988556530832 -1
1943.9988556530832 -1
1944.9988556530832 -1
1945.9988556530832 -1
1946.9988556530832 -1
1947.9988556530832 -1
1948.9988556530832 -1
1949.9988556530832 -1
1950.9988556530832 -1
1951.9988556530832 -1
1952.9988556530832 -1
1953.9988556530832 -1
1954.9988556530832 -1
1955.9988556530832 -1
1956.9988556530832 -1
1957.9988556530832 -1
1958.9988556530832 -1
1959.9988556530832 -1
1960.9988556530832 -1
1961.9988556530832 -1
1962.9988556530832 -1
1963.9988556530832 -1
1964.9988556530832 -1
1965.9988556530832 -1
1966.9988556530832 -1
1967.9988556530832 -1
1968.9988556530832 -1
1969.9988556530832 -1
1970.9988556530832 -1
1971.9988556530832 -1
1972.9988556530832 -1
1973.9988556530832 -1
1974.9988556530832 -1
1975.9988556530832 -1
1976.9988556530832 -1
1977.9988556530832 -1
1978.9988556530832 -1
1979.9988556530832 -1
1980.9988556530832 -1
1981.9988556530832 -1
1982.9988556530832 -1
1983.9988556530832 -1
1984.9988556530832 -1
1985.9988556530832 -1
1986.9988556530832 -1
1987.9988556530832 -1
1988.9988556530832 -1
1989.9988556530832 -1
1990.9988556530832 -1
1991.9988556530832 -1
1992.9988556530832 -1
1993.9988556530832 -1
1994.9988556530832 -1
1995.9988556530832 -1
1996.9988556530832 -1
1997.9988556530832 -1
1998.9988556530832 -1
1999.9988556530832 -1
1899.9973399817534 -1
1900.9973399817534 -1
1902.0026600182466 -1
1902.9973399817534 -1
1903.9973399817534 -1
1905.0026600182466 -1
1906.0026600182466 -1
1907.0026600182466 -1
1907.9973399817534 -1
1909.0026600182466 -1
1910.0026600182466 -1
1910.9973399817534 -1
1912.0026600182466 -1
1913.0026600182466 -1
1913.9973399817534 -1
1914.9973399817534 -1
1915.9973399817534 -1
1916.9973399817534 -1
1918.0026600182466 -1
1918.9973399817534 -1
1920.0026600182466 -1
1921.0026600182466 -1
1921.9973399817534 -1
1922.9973399817534 -1
1923.9973399817534 -1
1924.9973399817534 -1
1925.9973399817534 -1
1926.9973399817534 -1
1928.0026600182466 -1
1928.9973399817534 -1
1930.0026600182466 -1
1931.0026600182466 -1
1931.9973399817534 -1
1933.0026600182466 -1
1934.0026600182466 -1
1935.0026600182466 -1
1935.9973399817534 -1
1936.9973399817534 -1
1938.0026600182466 -1
1938.9973399817534 -1
1940.0026600182466 -1
1941.0026600182466 -1
1941.9973399817534 -1
1942.9973399817534 -1
1944.0026600182466 -1
1945.0026600182466 -1
1946.0026600182466 -1
1946.9973399817534 -1
1948.0026600182466 -1
1948.9973399817534 -1
1949.9973399817534 -1
1950.9973399817534 -1
1952.0026600182466 -1
1953.0026600182466 -1
1954.0026600182466 -1
1954.9973399817534 -1
1955.9973399817534 -1
1957.0026600182466 -1
1957.9973399817534 -1
1958.9973399817534 -1
1959.9973399817534 -1
1960.9973399817534 -1
1961.9973399817534 -1
1962.9973399817534 -1
1963.9973399817534 -1
1965.0026600182466 -1
1966.0026600182466 -1
1967.0026600182466 -1
1967.9973399817534 -1
1968.9973399817534 -1
1969.9973399817534 -1
1970.9973399817534 -1
1972.0026600182466 -1
1972.9973399817534 -1
1973.9973399817534 -1
1975.0026600182466 -1
1975.9973399817534 -1
1976.9973399817534 -1
1977.9973399817534 -1
1979.0026600182466 -1
1980.0026600182466 -1
1981.0026600182466 -1
1982.0026600182466 -1
1982.9973399817534 -1
1984.0026600182466 -1
1984.9973399817534 -1
1986.0026600182466 -1
1987.0026600182466 -1
1988.0026600182466 -1
1989.0026600182466 -1
1990.0026600182466 -1
1991.0026600182466 -1
1991.9973399817534 -1
1993.0026600182466 -1
1994.0026600182466 -1
1994.9973399817534 -1
1996.0026600182466 -1
1997.0026600182466 -1
1998.0026600182466 -1
1999.0026600182466 -1
1999.9973399817534 -1
1899.9973389968416 -1
1900.9973389968416 -1
1902.0026610031584 -1
1902.9973389968416 -1
1903.9973389968416 -1
1905.0026610031584 -1
1906.0026610031584 -1
1907.0026610031584 -1
1907.9973389968416 -1
1909.0026610031584 -1
1910.0026610031584 -1
1910.9973389968416 -1
1912.0026610031584 -1
1913.0026610031584 -1
1913.9973389968416 -1
1914.9973389968416 -1
1915.9973389968416 -1
1916.9973389968416 -1
1918.0026610031584 -1
1918.9973389968416 -1
1920.0026610031584 -1
1921.0026610031584 -1
1921.9973389968416 -1
1922.9973389968416 -1
1923.9973389968416 -1
1924.9973389968416 -1
1925.9973389968416 -1
1926.9973389968416 -1
1928.0026610031584 -1
1928.9973389968416 -1
1930.0026610031584 -1
1931.0026610031584 -1
1931.9973389968416 -1
1933.0026610031584 -1
1934.0026610031584 -1
1935.0026610031584 -1
1935.9973389968416 -1
1936.9973389968416 -1
1938.0026610031584 -1
1938.9973389968416 -1
1940.0026610031584 -1
1941.0026610031584 -1
1941.9973389968416 -1
1942.9973389968416 -1
1944.0026610031584 -1
1945.0026610031584 -1
1946.0026610031584 -1
1946.9973389968416 -1
1948.0026610031584 -1
1948.9973389968416 -1
1949.9973389968416 -1
1950.9973389968416 -1
1952.0026610031584 -1
1953.0026610031584 -1
1954.0026610031584 -1
1954.9973389968416 -1
1955.9973389968416 -1
1957.0026610031584 -1
1957.9973389968416 -1
1958.9973389968416 -1
1959.9973389968416 -1
1960.9973389968416 -1
1961.9973389968416 -1
1962.9973389968416 -1
1963.9973389968416 -1
1965.0026610031584 -1
1966.0026610031584 -1
1967.0026610031584 -1
1967.9973389968416 -1
1968.9973389968416 -1
1969.9973389968416 -1
1970.9973389968416 -1
1972.0026610031584 -1
1973.0026610031584 -1
1973.9973389968416 -1
1975.0026610031584 -1
1975.9973389968416 -1
1976.9973389968416 -1
1977.9973389968416 -1
1979.0026610031584 -1
1980.0026610031584 -1
1981.0026610031584 -1
1982.0026610031584 -1
1982.9973389968416 -1
1984.0026610031584 -1
1984.9973389968416 -1
1986.0026610031584 -1
1987.0026610031584 -1
1988.0026610031584 -1
1989.0026610031584 -1
1990.0026610031584 -1
1991.0026610031584 -1
1991.9973389968416 -1
1993.0026610031584 -1
1994.0026610031584 -1
1994.9973389968416 -1
1996.0026610031584 -1
1997.0026610031584 -1
1998.0026610031584 -1
1999.0026610031584 -1
1999.9973389968416 -1
1899.988548275743 -1
1900.988548275743 -1
1902.011451724257 -1
1902.988548275743 -1
1903.988548275743 -1
1905.011451724257 -1
1906.011451724257 -1
1907.011451724257 -1
1907.988548275743 -1
1909.011451724257 -1
1910.011451724257 -1
1910.988548275743 -1
1912.011451724257 -1
1913.011451724257 -1
1913.988548275743 -1
1914.988548275743 -1
1915.988548275743 -1
1916.988548275743 -1
1918.011451724257 -1
1918.988548275743 -1
1920.011451724257 -1
1921.011451724257 -1
1921.988548275743 -1
1922.988548275743 -1
1923.988548275743 -1
1924.988548275743 -1
1925.988548275743 -1
1926.988548275743 -1
1928.011451724257 -1
1928.988548275743 -1
1930.011451724257 -1
1931.011451724257 -1
1931.988548275743 -1
1933.011451724257 -1
1934.011451724257 -1
1935.011451724257 -1
1935.988548275743 -1
1936.988548275743 -1
1938.011451724257 -1
1938.988548275743 -1
1940.011451724257 -1
1941.011451724257 -1
1941.988548275743 -1
1942.988548275743 -1
1944.011451724257 -1
1945.011451724257 -1
1946.011451724257 -1
1946.988548275743 -1
1948.011451724257 -1
1948.988548275743 -1
1949.988548275743 -1
1950.988548275743 -1
1952.011451724257 -1
1953.011451724257 -1
1954.011451724257 -1
1954.988548275743 -1
1955.988548275743 -1
1957.011451724257 -1
1957.988548275743 -1
1958.988548275743 -1
1959.988548275743 -1
1960.988548275743 -1
1961.988548275743 -1
1962.988548275743 -1
1963.988548275743 -1
1965.011451724257 -1
1966.011451724257 -1
1967.011451724257 -1
1967.988548275743 -1
1968.988548275743 -1
1969.988548275743 -1
1970.988548275743 -1
1972.011451724257 -1
1973.0018791284108 -1
1973.988548275743 -1
1975.011451724257 -1
1975.988548275743 -1
1976.988548275743 -1
1977.988548275743 -1
1979.011451724257 -1
1980.011451724257 -1
1981.011451724257 -1
1982.011451724257 -1
1982.988548275743 -1
1984.011451724257 -1
1984.988548275743 -1
1986.011451724257 -1
1987.011451724257 -1
1988.011451724257 -1
1989.011451724257 -1
1990.011451724257 -1
1991.011451724257 -1
1991.988548275743 -1
1993.011451724257 -1
1994.011451724257 -1
1994.988548275743 -1
1996.011451724257 -1
1997.011451724257 -1
1998.011451724257 -1
1999.011451724257 -1
1999.988548275743 -1
1899.733899684162 -1
1900.733899684162 -1
1902.266100315838 -1
1902.733899684162 -1
1903.733899684162 -1
1905.266100315838 -1
1906.266100315838 -1
1907.266100315838 -1
1907.733899684162 -1
1909.266100315838 -1
1910.266100315838 -1
1910.733899684162 -1
1912.266100315838 -1
1913.266100315838 -1
1913.733899684162 -1
1914.733899684162 -1
1915.733899684162 -1
1916.733899684162 -1
1918.266100315838 -1
1918.733899684162 -1
1920.266100315838 -1
1921.266100315838 -1
1921.733899684162 -1
1922.733899684162 -1
1923.733899684162 -1
1924.733899684162 -1
1925.733899684162 -1
1926.733899684162 -1
1928.266100315838 -1
1928.733899684162 -1
1930.266100315838 -1
1931.266100315838 -1
1931.733899684162 -1
1933.266100315838 -1
1934.266100315838 -1
1935.266100315838 -1
1935.733899684162 -1
1936.733899684162 -1
1938.266100315838 -1
1938.733899684162 -1
1940.266100315838 -1
1941.266100315838 -1
1941.733899684162 -1
1942.733899684162 -1
1944.266100315838 -1
1945.266100315838 -1
1946.266100315838 -1
1946.733899684162 -1
1948.266100315838 -1
1948.733899684162 -1
1949.733899684162 -1
1950.733899684162 -1
1952.266100315838 -1
1953.266100315838 -1
1954.266100315838 -1
1954.733899684162 -1
1955.733899684162 -1
1957.266100315838 -1
1957.733899684162 -1
1958.733899684162 -1
1959.733899684162 -1
1960.733899684162 -1
1961.733899684162 -1
1962.733899684162 -1
1963.733899684162 -1
1965.266100315838 -1
1966.266100315838 -1
1967.266100315838 -1
1967.733899684162 -1
1968.733899684162 -1
1969.733899684162 -1
1970.733899684162 -1
1972.266100315838 -1
1973.266100315838 -1
1973.733899684162 -1
1975.266100315838 -1
1975.733899684162 -1
1976.733899684162 -1
1977.733899684162 -1
1979.266100315838 -1
1980.266100315838 -1
1981.266100315838 -1
1982.266100315838 -1
1982.733899684162 -1
1984.266100315838 -1
1984.733899684162 -1
1986.266100315838 -1
1987.266100315838 -1
1988.266100315838 -1
1989.266100315838 -1
1990.266100315838 -1
1991.266100315838 -1
1991.733899684162 -1
1993.266100315838 -1
1994.266100315838 -1
1994.733899684162 -1
1996.266100315838 -1
1997.266100315838 -1
1998.266100315838 -1
1999.266100315838 -1
1999.733899684162 -1
1899.733899684162 -1
1900.733899684162 -1
1902.266100315838 -1
1902.733899684162 -1
1903.733899684162 -1
1905.266100315838 -1
1906.266100315838 -1
1907.266100315838 -1
1907.733899684162 -1
1909.266100315838 -1
1910.266100315838 -1
1910.733899684162 -1
1912.266100315838 -1
1913.266100315838 -1
1913.733899684162 -1
1914.733899684162 -1
1915.733899684162 -1
1916.733899684162 -1
1918.266100315838 -1
1918.733899684162 -1
1920.266100315838 -1
1921.266100315838 -1
1921.733899684162 -1
1922.733899684162 -1
1923.733899684162 -1
1924.733899684162 -1
1925.733899684162 -1
1926.733899684162 -1
1928.266100315838 -1
1928.733899684162 -1
1930.266100315838 -1
1931.266100315838 -1
1931.733899684162 -1
1933.266100315838 -1
1934.266100315838 -1
1935.266100315838 -1
1935.733899684162 -1
1936.733899684162 -1
1938.266100315838 -1
1938.733899684162 -1
1940.266100315838 -1
1941.266100315838 -1
1941.733899684162 -1
1942.733899684162 -1
1944.266100315838 -1
1945.266100315838 -1
1946.266100315838 -1
1946.733899684162 -1
1948.266100315838 -1
1948.733899684162 -1
1949.733899684162 -1
1950.733899684162 -1
1952.266100315838 -1
1953.266100315838 -1
1954.266100315838 -1
1954.733899684162 -1
1955.733899684162 -1
1957.266100315838 -1
1957.733899684162 -1
1958.733899684162 -1
1959.733899684162 -1
1960.733899684162 -1
1961.733899684162 -1
1962.733899684162 -1
1963.733899684162 -1
1965.266100315838 -1
1966.266100315838 -1
1967.266100315838 -1
1967.733899684162 -1
1968.733899684162 -1
1969.733899684162 -1
1970.733899684162 -1
1972.266100315838 -1
1973.266100315838 -1
1973.733899684162 -1
1975.266100315838 -1
1975.733899684162 -1
1976.733899684162 -1
1977.733899684162 -1
1979.266100315838 -1
1980.266100315838 -1
1981.266100315838 -1
1982.266100315838 -1
1982.733899684162 -1
1984.266100315838 -1
1984.733899684162 -1
1986.266100315838 -1
1987.266100315838 -1
1988.266100315838 -1
1989.266100315838 -1
1990.266100315838 -1
1991.266100315838 -1
1991.733899684162 -1
1993.266100315838 -1
1994.266100315838 -1
1994.733899684162 -1
1996.266100315838 -1
1997.266100315838 -1
1998.266100315838 -1
1999.266100315838 -1
1999.733899684162 -1
1899.733899684162 -1
1900.733899684162 -1
1902.266100315838 -1
1902.733899684162 -1
1903.733899684162 -1
1905.266100315838 -1
1906.266100315838 -1
1907.266100315838 -1
1907.733899684162 -1
1909.266100315838 -1
1910.266100315838 -1
1910.733899684162 -1
1912.266100315838 -1
1913.266100315838 -1
1913.733899684162 -1
1914.733899684162 -1
1915.733899684162 -1
1916.733899684162 -1
1918.266100315838 -1
1918.733899684162 -1
1920.266100315838 -1
1921.266100315838 -1
1921.733899684162 -1
1922.733899684162 -1
1923.733899684162 -1
1924.733899684162 -1
1925.733899684162 -1
1926.733899684162 -1
1928.266100315838 -1
1928.733899684162 -1
1930.266100315838 -1
1931.266100315838 -1
1931.733899684162 -1
1933.266100315838 -1
1934.266100315838 -1
1935.266100315838 -1
1935.733899684162 -1
1936.733899684162 -1
1938.266100315838 -1
1938.733899684162 -1
1940.266100315838 -1
1941.266100315838 -1
1941.733899684162 -1
1942.733899684162 -1
1944.266100315838 -1
1945.266100315838 -1
1946.266100315838 -1
1946.733899684162 -1
1948.266100315838 -1
1948.733899684162 -1
1949.733899684162 -1
1950.733899684162 -1
1952.266100315838 -1
1953.266100315838 -1
1954.266100315838 -1
1954.733899684162 -1
1955.733899684162 -1
1957.266100315838 -1
1957.733899684162 -1
1958.733899684162 -1
1959.733899684162 -1
1960.733899684162 -1
1961.733899684162 -1
1962.733899684162 -1
1963.733899684162 -1
1965.266100315838 -1
1966.266100315838 -1
1967.266100315838 -1
1967.733899684162 -1
1968.733899684162 -1
1969.733899684162 -1
1970.733899684162 -1
1972.266100315838 -1
1973.266100315838 -1
1973.733899684162 -1
1975.266100315838 -1
1975.733899684162 -1
1976.733899684162 -1
1977.733899684162 -1
1979.266100315838 -1
1980.266100315838 -1
1981.266100315838 -1
1982.266100315838 -1
1982.733899684162 -1
1984.266100315838 -1
1984.733899684162 -1
1986.266100315838 -1
1987.266100315838 -1
1988.266100315838 -1
1989.266100315838 -1
1990.266100315838 -1
1991.266100315838 -1
1991.733899684162 -1
1993.266100315838 -1
1994.266100315838 -1
1994.733899684162 -1
1996.266100315838 -1
1997.266100315838 -1
1998.266100315838 -1
1999.266100315838 -1
1999.733899684162 -1
1899.733899684162 -1
1900.733899684162 -1
1902.266100315838 -1
1902.733899684162 -1
1903.733899684162 -1
1905.266100315838 -1
1906.266100315838 -1
1907.266100315838 -1
1907.733899684162 -1
1909.266100315838 -1
1910.266100315838 -1
1910.733899684162 -1
1912.266100315838 -1
1913.266100315838 -1
1913.733899684162 -1
1914.733899684162 -1
1915.733899684162 -1
1916.733899684162 -1
1918.266100315838 -1
1918.733899684162 -1
1920.266100315838 -1
1921.266100315838 -1
1921.733899684162 -1
1922.733899684162 -1
1923.733899684162 -1
1924.733899684162 -1
1925.733899684162 -1
1926.733899684162 -1
1928.266100315838 -1
1928.733899684162 -1
1930.266100315838 -1
1931.266100315838 -1
1931.733899684162 -1
1933.266100315838 -1
1934.266100315838 -1
1935.266100315838 -1
1935.733899684162 -1
1936.733899684162 -1
1938.266100315838 -1
1938.733899684162 -1
1940.266100315838 -1
1941.266100315838 -1
1941.733899684162 -1
1942.733899684162 -1
1944.266100315838 -1
1945.266100315838 -1
1946.266100315838 -1
1946.733899684162 -1
1948.266100315838 -1
1948.733899684162 -1
1949.733899684162 -1
1950.733899684162 -1
1952.266100315838 -1
1953.266100315838 -1
1954.266100315838 -1
1954.733899684162 -1
1955.733899684162 -1
1957.266100315838 -1
1957.733899684162 -1
1958.733899684162 -1
1959.733899684162 -1
1960.733899684162 -1
1961.733899684162 -1
1962.733899684162 -1
1963.733899684162 -1
1965.266100315838 -1
1966.266100315838 -1
1967.266100315838 -1
1967.733899684162 -1
1968.733899684162 -1
1969.733899684162 -1
1970.733899684162 -1
1972.266100315838 -1
1973.266100315838 -1
1973.733899684162 -1
1975.266100315838 -1
1975.733899684162 -1
1976.733899684162 -1
1977.733899684162 -1
1979.266100315838 -1
1980.266100315838 -1
1981.266100315838 -1
1982.266100315838 -1
1982.733899684162 -1
1984.266100315838 -1
1984.733899684162 -1
1986.266100315838 -1
1987.266100315838 -1
1988.266100315838 -1
1989.266100315838 -1
1990.266100315838 -1
1991.266100315838 -1
1991.733899684162 -1
1993.266100315838 -1
1994.266100315838 -1
1994.733899684162 -1
1996.266100315838 -1
1997.266100315838 -1
1998.266100315838 -1
1999.266100315838 -1
1999.733899684162 -1
1899.733899684162 -1
1900.733899684162 -1
1902.266100315838 -1
1902.733899684162 -1
1903.733899684162 -1
1905.266100315838 -1
1906.266100315838 -1
1907.266100315838 -1
1907.733899684162 -1
1909.266100315838 -1
1910.266100315838 -1
1910.733899684162 -1
1912.266100315838 -1
1913.266100315838 -1
1913.733899684162 -1
1914.733899684162 -1
1915.733899684162 -1
1916.733899684162 -1
1918.266100315838 -1
1918.733899684162 -1
1920.266100315838 -1
1921.266100315838 -1
1921.733899684162 -1
1922.733899684162 -1
1923.733899684162 -1
1924.733899684162 -1
1925.733899684162 -1
1926.733899684162 -1
1928.266100315838 -1
1928.733899684162 -1
1930.266100315838 -1
1931.266100315838 -1
1931.733899684162 -1
1933.266100315838 -1
1934.266100315838 -1
1935.266100315838 -1
1935.733899684162 -1
1936.733899684162 -1
1938.266100315838 -1
1938.733899684162 -1
1940.266100315838 -1
1941.266100315838 -1
1941.733899684162 -1
1942.733899684162 -1
1944.266100315838 -1
1945.266100315838 -1
1946.266100315838 -1
1946.733899684162 -1
1948.266100315838 -1
1948.733899684162 -1
1949.733899684162 -1
1950.733899684162 -1
1952.266100315838 -1
1953.266100315838 -1
1954.266100315838 -1
1954.733899684162 -1
1955.733899684162 -1
1957.266100315838 -1
1957.733899684162 -1
1958.733899684162 -1
1959.733899684162 -1
1960.733899684162 -1
1961.733899684162 -1
1962.733899684162 -1
1963.733899684162 -1
1965.266100315838 -1
1966.266100315838 -1
1967.266100315838 -1
1967.733899684162 -1
1968.733899684162 -1
1969.733899684162 -1
1970.733899684162 -1
1972.266100315838 -1
1973.266100315838 -1
1973.733899684162 -1
1975.266100315838 -1
1975.733899684162 -1
1976.733899684162 -1
1977.733899684162 -1
1979.266100315838 -1
1980.266100315838 -1
1981.266100315838 -1
1982.266100315838 -1
1982.733899684162 -1
1984.266100315838 -1
1984.733899684162 -1
1986.266100315838 -1
1987.266100315838 -1
1988.266100315838 -1
1989.266100315838 -1
1990.266100315838 -1
1991.266100315838 -1
1991.733899684162 -1
1993.266100315838 -1
1994.266100315838 -1
1994.733899684162 -1
1996.266100315838 -1
1997.266100315838 -1
1998.266100315838 -1
1999.266100315838 -1
1999.733899684162 -1
1899.733899684162 -1
1900.733899684162 -1
1902.266100315838 -1
1902.733899684162 -1
1903.733899684162 -1
1905.266100315838 -1
1906.266100315838 -1
1907.266100315838 -1
1907.733899684162 -1
1909.266100315838 -1
1910.266100315838 -1
1910.733899684162 -1
1912.266100315838 -1
1913.266100315838 -1
1913.733899684162 -1
1914.733899684162 -1
1915.733899684162 -1
1916.733899684162 -1
1918.266100315838 -1
1918.733899684162 -1
1920.266100315838 -1
1921.266100315838 -1
1921.733899684162 -1
1922.733899684162 -1
1923.733899684162 -1
1924.733899684162 -1
1925.733899684162 -1
1926.733899684162 -1
1928.266100315838 -1
1928.733899684162 -1
1930.266100315838 -1
1931.266100315838 -1
1931.733899684162 -1
1933.266100315838 -1
1934.266100315838 -1
1935.266100315838 -1
1935.733899684162 -1
1936.733899684162 -1
1938.266100315838 -1
1938.733899684162 -1
1940.266100315838 -1
1941.266100315838 -1
1941.733899684162 -1
1942.733899684162 -1
1944.266100315838 -1
1945.266100315838 -1
1946.266100315838 -1
1946.733899684162 -1
1948.266100315838 -1
1948.733899684162 -1
1949.733899684162 -1
1950.733899684162 -1
1952.266100315838 -1
1953.266100315838 -1
1954.266100315838 -1
1954.733899684162 -1
1955.733899684162 -1
1957.266100315838 -1
1957.733899684162 -1
1958.733899684162 -1
1959.733899684162 -1
1960.733899684162 -1
1961.733899684162 -1
1962.733899684162 -1
1963.733899684162 -1
1965.266100315838 -1
1966.266100315838 -1
1967.266100315838 -1
1967.733899684162 -1
1968.733899684162 -1
1969.733899684162 -1
1970.733899684162 -1
1972.266100315838 -1
1973.266100315838 -1
1973.733899684162 -1
1975.266100315838 -1
1975.733899684162 -1
1976.733899684162 -1
1977.733899684162 -1
1979.266100315838 -1
1980.266100315838 -1
1981.266100315838 -1
1982.266100315838 -1
1982.733899684162 -1
1984.266100315838 -1
1984.733899684162 -1
1986.266100315838 -1
1987.266100315838 -1
1988.266100315838 -1
1989.266100315838 -1
1990.266100315838 -1
1991.266100315838 -1
1991.733899684162 -1
1993.266100315838 -1
1994.266100315838 -1
1994.733899684162 -1
1996.266100315838 -1
1997.266100315838 -1
1998.266100315838 -1
1999.266100315838 -1
1999.733899684162 -1
1899.733899684162 -1
1900.733899684162 -1
1902.266100315838 -1
1902.733899684162 -1
1903.733899684162 -1
1905.266100315838 -1
1906.266100315838 -1
1907.266100315838 -1
1907.733899684162 -1
1909.266100315838 -1
1910.266100315838 -1
1910.733899684162 -1
1912.266100315838 -1
1913.266100315838 -1
1913.733899684162 -1
1914.733899684162 -1
1915.733899684162 -1
1916.733899684162 -1
1918.266100315838 -1
1918.733899684162 -1
1920.266100315838 -1
1921.266100315838 -1
1921.733899684162 -1
1922.733899684162 -1
1923.733899684162 -1
1924.733899684162 -1
1925.733899684162 -1
1926.733899684162 -1
1928.266100315838 -1
1928.733899684162 -1
1930.266100315838 -1
1931.266100315838 -1
1931.733899684162 -1
1933.266100315838 -1
1934.266100315838 -1
1935.266100315838 -1
1935.733899684162 -1
1936.733899684162 -1
1938.266100315838 -1
1938.733899684162 -1
1940.266100315838 -1
1941.266100315838 -1
1941.733899684162 -1
1942.733899684162 -1
1944.266100315838 -1
1945.266100315838 -1
1946.266100315838 -1
1946.733899684162 -1
1948.266100315838 -1
1948.733899684162 -1
1949.733899684162 -1
1950.733899684162 -1
1952.266100315838 -1
1953.266100315838 -1
1954.266100315838 -1
1954.733899684162 -1
1955.733899684162 -1
1957.266100315838 -1
1957.733899684162 -1
1958.733899684162 -1
1959.733899684162 -1
1960.733899684162 -1
1961.733899684162 -1
1962.733899684162 -1
1963.733899684162 -1
1965.266100315838 -1
1966.266100315838 -1
1967.266100315838 -1
1967.733899684162 -1
1968.733899684162 -1
1969.733899684162 -1
1970.733899684162 -1
1972.266100315838 -1
1973.266100315838 -1
1973.733899684162 -1
1975.266100315838 -1
1975.733899684162 -1
1976.733899684162 -1
1977.733899684162 -1
1979.266100315838 -1
1980.266100315838 -1
1981.266100315838 -1
1982.266100315838 -1
1982.733899684162 -1
1984.266100315838 -1
1984.733899684162 -1
1986.266100315838 -1
1987.266100315838 -1
1988.266100315838 -1
1989.266100315838 -1
1990.266100315838 -1
1991.266100315838 -1
1991.733899684162 -1
1993.266100315838 -1
1994.266100315838 -1
1994.733899684162 -1
1996.266100315838 -1
1997.266100315838 -1
1998.266100315838 -1
1999.266100315838 -1
1999.733899684162 -1
1899.733899684162 -1
1900.733899684162 -1
1902.266100315838 -1
1902.733899684162 -1
1903.733899684162 -1
1905.266100315838 -1
1906.266100315838 -1
1907.266100315838 -1
1907.733899684162 -1
1909.266100315838 -1
1910.266100315838 -1
1910.733899684162 -1
1912.266100315838 -1
1913.266100315838 -1
1913.733899684162 -1
1914.733899684162 -1
1915.733899684162 -1
1916.733899684162 -1
1918.266100315838 -1
1918.733899684162 -1
1920.266100315838 -1
1921.266100315838 -1
1921.733899684162 -1
1922.733899684162 -1
1923.733899684162 -1
1924.733899684162 -1
1925.733899684162 -1
1926.733899684162 -1
1928.266100315838 -1
1928.733899684162 -1
1930.266100315838 -1
1931.266100315838 -1
1931.733899684162 -1
1933.266100315838 -1
1934.266100315838 -1
1935.266100315838 -1
1935.733899684162 -1
1936.733899684162 -1
1938.266100315838 -1
1938.733899684162 -1
1940.266100315838 -1
1941.266100315838 -1
1941.733899684162 -1
1942.733899684162 -1
1944.266100315838 -1
1945.266100315838 -1
1946.266100315838 -1
1946.733899684162 -1
1948.266100315838 -1
1948.733899684162 -1
1949.733899684162 -1
1950.733899684162 -1
1952.266100315838 -1
1953.266100315838 -1
1954.266100315838 -1
1954.733899684162 -1
1955.733899684162 -1
1957.266100315838 -1
1957.733899684162 -1
1958.733899684162 -1
1959.733899684162 -1
1960.733899684162 -1
1961.733899684162 -1
1962.733899684162 -1
1963.733899684162 -1
1965.266100315838 -1
1966.266100315838 -1
1967.266100315838 -1
1967.733899684162 -1
1968.733899684162 -1
1969.733899684162 -1
1970.733899684162 -1
1972.266100315838 -1
1973.266100315838 -1
1973.733899684162 -1
1975.266100315838 -1
1975.733899684162 -1
1976.733899684162 -1
1977.733899684162 -1
1979.266100315838 -1
1980.266100315838 -1
1981.266100315838 -1
1982.266100315838 -1
1982.733899684162 -1
1984.266100315838 -1
1984.733899684162 -1
1986.266100315838 -1
1987.266100315838 -1
1988.266100315838 -1
1989.266100315838 -1
1990.266100315838 -1
1991.266100315838 -1
1991.733899684162 -1
1993.266100315838 -1
1994.266100315838 -1
1994.733899684162 -1
1996.266100315838 -1
1997.266100315838 -1
1998.266100315838 -1
1999.266100315838 -1
1999.733899684162 -1
1900.8708587410154 -1
1901.8708587410154 -1
1901.1291412589846 -1
1903.8708587410154 -1
1904.8708587410154 -1
1904.1291412589846 -1
1905.1291412589846 -1
1906.1291412589846 -1
1908.8708587410154 -1
1908.1291412589846 -1
1909.1291412589846 -1
1911.8708587410154 -1
1911.1291412589846 -1
1912.1291412589846 -1
1914.8708587410154 -1
1915.8708587410154 -1
1916.8708587410154 -1
1917.8708587410154 -1
1917.1291412589846 -1
1919.8708587410154 -1
1919.1291412589846 -1
1920.1291412589846 -1
1922.8708587410154 -1
1923.8708587410154 -1
1924.8708587410154 -1
1925.8708587410154 -1
1926.8708587410154 -1
1927.8708587410154 -1
1927.1291412589846 -1
1929.8708587410154 -1
1929.1291412589846 -1
1930.1291412589846 -1
1932.8708587410154 -1
1932.1291412589846 -1
1933.1291412589846 -1
1934.1291412589846 -1
1936.8708587410154 -1
1937.8708587410154 -1
1937.1291412589846 -1
1939.8708587410154 -1
1939.1291412589846 -1
1940.1291412589846 -1
1942.8708587410154 -1
1943.8708587410154 -1
1943.1291412589846 -1
1944.1291412589846 -1
1945.1291412589846 -1
1947.8708587410154 -1
1947.1291412589846 -1
1949.8708587410154 -1
1950.8708587410154 -1
1951.8708587410154 -1
1951.1291412589846 -1
1952.1291412589846 -1
1953.1291412589846 -1
1955.8708587410154 -1
1956.8708587410154 -1
1956.1291412589846 -1
1958.8708587410154 -1
1959.8708587410154 -1
1960.8708587410154 -1
1961.8708587410154 -1
1962.8708587410154 -1
1963.8708587410154 -1
1964.8708587410154 -1
1964.1291412589846 -1
1965.1291412589846 -1
1966.1291412589846 -1
1968.8708587410154 -1
1969.8708587410154 -1
1970.8708587410154 -1
1971.8708587410154 -1
1971.1291412589846 -1
1973.205044970429 -1
1974.8708587410154 -1
1974.1291412589846 -1
1976.8708587410154 -1
1977.8708587410154 -1
1978.8708587410154 -1
1978.1291412589846 -1
1979.1291412589846 -1
1980.1291412589846 -1
1981.1291412589846 -1
1983.8708587410154 -1
1983.1291412589846 -1
1985.8708587410154 -1
1985.1291412589846 -1
1986.1291412589846 -1
1987.1291412589846 -1
1988.1291412589846 -1
1989.1291412589846 -1
1990.1291412589846 -1
1992.8708587410154 -1
1992.1291412589846 -1
1993.1291412589846 -1
1995.8708587410154 -1
1995.1291412589846 -1
1996.1291412589846 -1
1997.1291412589846 -1
1998.1291412589846 -1
2000.8708587410154 -1
1900.8708587410154 -1
1901.8708587410154 -1
1901.1291412589846 -1
1903.8708587410154 -1
1904.8708587410154 -1
1904.1291412589846 -1
1905.1291412589846 -1
1906.1291412589846 -1
1908.8708587410154 -1
1908.1291412589846 -1
1909.1291412589846 -1
1911.8708587410154 -1
1911.1291412589846 -1
1912.1291412589846 -1
1914.8708587410154 -1
1915.8708587410154 -1
1916.8708587410154 -1
1917.8708587410154 -1
1917.1291412589846 -1
1919.8708587410154 -1
1919.1291412589846 -1
1920.1291412589846 -1
1922.8708587410154 -1
1923.8708587410154 -1
1924.8708587410154 -1
1925.8708587410154 -1
1926.8708587410154 -1
1927.8708587410154 -1
1927.1291412589846 -1
1929.8708587410154 -1
1929.1291412589846 -1
1930.1291412589846 -1
1932.8708587410154 -1
1932.1291412589846 -1
1933.1291412589846 -1
1934.1291412589846 -1
1936.8708587410154 -1
1937.8708587410154 -1
1937.1291412589846 -1
1939.8708587410154 -1
1939.1291412589846 -1
1940.1291412589846 -1
1942.8708587410154 -1
1943.8708587410154 -1
1943.1291412589846 -1
1944.1291412589846 -1
1945.1291412589846 -1
1947.8708587410154 -1
1947.1291412589846 -1
1949.8708587410154 -1
1950.8708587410154 -1
1951.8708587410154 -1
1951.1291412589846 -1
1952.1291412589846 -1
1953.1291412589846 -1
1955.8708587410154 -1
1956.8708587410154 -1
1956.1291412589846 -1
1958.8708587410154 -1
1959.8708587410154 -1
1960.8708587410154 -1
1961.8708587410154 -1
1962.8708587410154 -1
1963.8708587410154 -1
1964.8708587410154 -1
1964.1291412589846 -1
1965.1291412589846 -1
1966.1291412589846 -1
1968.8708587410154 -1
1969.8708587410154 -1
1970.8708587410154 -1
1971.8708587410154 -1
1971.1291412589846 -1
1973.205044970429 -1
1974.8708587410154 -1
1974.1291412589846 -1
1976.8708587410154 -1
1977.8708587410154 -1
1978.8708587410154 -1
1978.1291412589846 -1
1979.1291412589846 -1
1980.1291412589846 -1
1981.1291412589846 -1
1983.8708587410154 -1
1983.1291412589846 -1
1985.8708587410154 -1
1985.1291412589846 -1
1986.1291412589846 -1
1987.1291412589846 -1
1988.1291412589846 -1
1989.1291412589846 -1
1990.1291412589846 -1
1992.8708587410154 -1
1992.1291412589846 -1
1993.1291412589846 -1
1995.8708587410154 -1
1995.1291412589846 -1
1996.1291412589846 -1
1997.1291412589846 -1
1998.1291412589846 -1
2000.8708587410154 -1
-3.9705043281407386E19 -1
-3.970504328140739E19 -1
3.970737162207721E19 -1
-3.970733254266963E19 -1
-3.9705043281407386E19 -1
3.9705082360814985E19 -1
3.9705082360814985E19 -1
3.9707332542669636E19 -1
-3.9705043281407386E19 -1
3.970508236081499E19 -1
3.9705082360814985E19 -1
-3.9705043281407386E19 -1
3.970508236081499E19 -1
3.970737162207721E19 -1
-3.970733254266963E19 -1
-3.9705043281407386E19 -1
-3.970733254266963E19 -1
-3.970733254266963E19 -1
3.9707332542669636E19 -1
-3.9707332542669636E19 -1
3.9707332542669636E19 -1
3.9705082360814985E19 -1
-3.9707332542669636E19 -1
-3.9705043281407386E19 -1
-3.9705043281407386E19 -1
-3.9707332542669636E19 -1
-3.9705043281407386E19 -1
-3.9705043281407386E19 -1
3.970508236081499E19 -1
-3.970504328140739E19 -1
3.9705082360814985E19 -1
3.970733254266964E19 -1
-3.9707332542669636E19 -1
3.970508236081499E19 -1
3.9705082360814985E19 -1
3.970508236081499E19 -1
-3.9707332542669636E19 -1
-3.970504328140739E19 -1
3.9705082360814985E19 -1
-3.9705043281407386E19 -1
3.970508236081499E19 -1
3.970733254266964E19 -1
-3.9707332542669636E19 -1
-3.9707332542669636E19 -1
3.970508236081499E19 -1
3.970508236081499E19 -1
3.970508236081499E19 -1
-3.9705043281407386E19 -1
3.970508236081499E19 -1
-3.9705043281407386E19 -1
-3.9707332542669636E19 -1
-3.9707332542669636E19 -1
3.9707332542669636E19 -1
3.9707332542669636E19 -1
3.9705082360814985E19 -1
-3.9707332542669636E19 -1
-3.9705043281407386E19 -1
3.970508236081499E19 -1
-3.9707332542669636E19 -1
-3.9705043281407386E19 -1
-3.9705043281407386E19 -1
-3.9707332542669636E19 -1
-3.9705043281407386E19 -1
-3.9707332542669636E19 -1
-3.9707332542669636E19 -1
3.9707332542669636E19 -1
3.9705082360814985E19 -1
3.97073716220772E19 -1
-3.9705043281407386E19 -1
-3.9707332542669636E19 -1
-3.9705043281407386E19 -1
-3.9705043281407386E19 -1
3.970508236081499E19 -1
-9.014755269490559E18 -1
-3.9705043281407386E19 -1
3.9707332542669636E19 -1
-3.9707332542669636E19 -1
-3.9707332542669636E19 -1
-3.9707332542669636E19 -1
3.970508236081499E19 -1
3.97073716220772E19 -1
3.970508236081499E19 -1
3.970733254266964E19 -1
-3.9705043281407386E19 -1
3.970733254266964E19 -1
-3.970504328140739E19 -1
3.97073716220772E19 -1
3.970733254266964E19 -1
3.970508236081499E19 -1
3.97073716220772E19 -1
3.970733254266964E19 -1
3.970508236081499E19 -1
-3.9705043281407386E19 -1
3.9705082360814985E19 -1
3.970733254266964E19 -1
-3.9707332542669636E19 -1
3.970508236081499E19 -1
3.970733254266964E19 -1
3.970733254266964E19 -1
3.970733254266964E19 -1
-3.9707332542669636E19 -1
1897.723468238453 -1
1898.723468238453 -1
1904.276531761547 -1
1900.723468238453 -1
1901.723468238453 -1
1907.276531761547 -1
1908.276531761547 -1
1909.276531761547 -1
1905.723468238453 -1
1911.276531761547 -1
1912.276531761547 -1
1908.723468238453 -1
1914.276531761547 -1
1915.276531761547 -1
1911.723468238453 -1
1912.723468238453 -1
1913.723468238453 -1
1914.723468238453 -1
1920.276531761547 -1
1916.723468238453 -1
1922.276531761547 -1
1923.276531761547 -1
1919.723468238453 -1
1920.723468238453 -1
1921.723468238453 -1
1922.723468238453 -1
1923.723468238453 -1
1924.723468238453 -1
1930.276531761547 -1
1926.723468238453 -1
1932.276531761547 -1
1933.276531761547 -1
1929.723468238453 -1
1935.276531761547 -1
1936.276531761547 -1
1937.276531761547 -1
1933.723468238453 -1
1934.723468238453 -1
1940.276531761547 -1
1936.723468238453 -1
1942.276531761547 -1
1943.276531761547 -1
1939.723468238453 -1
1940.723468238453 -1
1946.276531761547 -1
1947.276531761547 -1
1948.276531761547 -1
1944.723468238453 -1
1950.276531761547 -1
1946.723468238453 -1
1947.723468238453 -1
1948.723468238453 -1
1954.276531761547 -1
1955.276531761547 -1
1956.276531761547 -1
1952.723468238453 -1
1953.723468238453 -1
1959.276531761547 -1
1955.723468238453 -1
1956.723468238453 -1
1957.723468238453 -1
1958.723468238453 -1
1959.723468238453 -1
1960.723468238453 -1
1961.723468238453 -1
1967.276531761547 -1
1968.276531761547 -1
1969.276531761547 -1
1965.723468238453 -1
1966.723468238453 -1
1967.723468238453 -1
1968.723468238453 -1
1974.276531761547 -1
1972.9539692646192 -1
1971.723468238453 -1
1977.276531761547 -1
1973.723468238453 -1
1974.723468238453 -1
1975.723468238453 -1
1981.276531761547 -1
1982.276531761547 -1
1983.276531761547 -1
1984.276531761547 -1
1980.723468238453 -1
1986.276531761547 -1
1982.723468238453 -1
1988.276531761547 -1
1989.276531761547 -1
1990.276531761547 -1
1991.276531761547 -1
1992.276531761547 -1
1993.276531761547 -1
1989.723468238453 -1
1995.276531761547 -1
1996.276531761547 -1
1992.723468238453 -1
1998.276531761547 -1
1999.276531761547 -1
2000.276531761547 -1
2001.276531761547 -1
1997.723468238453 -1
1896.9253193983868 -1
1897.9253193983868 -1
1905.0746806016132 -1
1899.9253193983868 -1
1900.9253193983868 -1
1908.0746806016132 -1
1909.0746806016132 -1
1910.0746806016132 -1
1904.9253193983868 -1
1912.0746806016132 -1
1913.0746806016132 -1
1907.9253193983868 -1
1915.0746806016132 -1
1916.0746806016132 -1
1910.9253193983868 -1
1911.9253193983868 -1
1912.9253193983868 -1
1913.9253193983868 -1
1921.0746806016132 -1
1915.9253193983868 -1
1923.0746806016132 -1
1924.0746806016132 -1
1918.9253193983868 -1
1919.9253193983868 -1
1920.9253193983868 -1
1921.9253193983868 -1
1922.9253193983868 -1
1923.9253193983868 -1
1931.0746806016132 -1
1925.9253193983868 -1
1933.0746806016132 -1
1934.0746806016132 -1
1928.9253193983868 -1
1936.0746806016132 -1
1937.0746806016132 -1
1938.0746806016132 -1
1932.9253193983868 -1
1933.9253193983868 -1
1941.0746806016132 -1
1935.9253193983868 -1
1943.0746806016132 -1
1944.0746806016132 -1
1938.9253193983868 -1
1939.9253193983868 -1
1947.0746806016132 -1
1948.0746806016132 -1
1949.0746806016132 -1
1943.9253193983868 -1
1951.0746806016132 -1
1945.9253193983868 -1
1946.9253193983868 -1
1947.9253193983868 -1
1955.0746806016132 -1
1956.0746806016132 -1
1957.0746806016132 -1
1951.9253193983868 -1
1952.9253193983868 -1
1960.0746806016132 -1
1954.9253193983868 -1
1955.9253193983868 -1
1956.9253193983868 -1
1957.9253193983868 -1
1958.9253193983868 -1
1959.9253193983868 -1
1960.9253193983868 -1
1968.0746806016132 -1
1969.0746806016132 -1
1970.0746806016132 -1
1964.9253193983868 -1
1965.9253193983868 -1
1966.9253193983868 -1
1967.9253193983868 -1
1975.0746806016132 -1
1972.6082950341383 -1
1970.9253193983868 -1
1978.0746806016132 -1
1972.9253193983868 -1
1973.9253193983868 -1
1974.9253193983868 -1
1982.0746806016132 -1
1983.0746806016132 -1
1984.0746806016132 -1
1985.0746806016132 -1
1979.9253193983868 -1
1987.0746806016132 -1
1981.9253193983868 -1
1989.0746806016132 -1
1990.0746806016132 -1
1991.0746806016132 -1
1992.0746806016132 -1
1993.0746806016132 -1
1994.0746806016132 -1
1988.9253193983868 -1
1996.0746806016132 -1
1997.0746806016132 -1
1991.9253193983868 -1
1999.0746806016132 -1
2000.0746806016132 -1
2001.0746806016132 -1
2002.0746806016132 -1
1996.9253193983868 -1
1892.3118703128773 -1
1893.3118703128773 -1
1909.6881296871227 -1
1895.3118703128773 -1
1896.3118703128773 -1
1912.6881296871227 -1
1913.6881296871227 -1
1914.6881296871227 -1
1900.3118703128773 -1
1916.6881296871227 -1
1917.6881296871227 -1
1903.3118703128773 -1
1919.6881296871227 -1
1920.6881296871227 -1
1906.3118703128773 -1
1907.3118703128773 -1
1908.3118703128773 -1
1909.3118703128773 -1
1925.6881296871227 -1
1911.3118703128773 -1
1927.6881296871227 -1
1928.6881296871227 -1
1914.3118703128773 -1
1915.3118703128773 -1
1916.3118703128773 -1
1917.3118703128773 -1
1918.3118703128773 -1
1919.3118703128773 -1
1935.6881296871227 -1
1921.3118703128773 -1
1937.6881296871227 -1
1938.6881296871227 -1
1924.3118703128773 -1
1940.6881296871227 -1
1941.6881296871227 -1
1942.6881296871227 -1
1928.3118703128773 -1
1929.3118703128773 -1
1945.6881296871227 -1
1931.3118703128773 -1
1947.6881296871227 -1
1948.6881296871227 -1
1934.3118703128773 -1
1935.3118703128773 -1
1951.6881296871227 -1
1952.6881296871227 -1
1953.6881296871227 -1
1939.3118703128773 -1
1955.6881296871227 -1
1941.3118703128773 -1
1942.3118703128773 -1
1943.3118703128773 -1
1959.6881296871227 -1
1960.6881296871227 -1
1961.6881296871227 -1
1947.3118703128773 -1
1948.3118703128773 -1
1964.6881296871227 -1
1950.3118703128773 -1
1951.3118703128773 -1
1952.3118703128773 -1
1953.3118703128773 -1
1954.3118703128773 -1
1955.3118703128773 -1
1956.3118703128773 -1
1972.6881296871227 -1
1973.6881296871227 -1
1974.6881296871227 -1
1960.3118703128773 -1
1961.3118703128773 -1
1962.3118703128773 -1
1963.3118703128773 -1
1979.6881296871227 -1
1970.7621565011461 -1
1966.3118703128773 -1
1982.6881296871227 -1
1968.3118703128773 -1
1969.3118703128773 -1
1970.3118703128773 -1
1986.6881296871227 -1
1987.6881296871227 -1
1988.6881296871227 -1
1989.6881296871227 -1
1975.3118703128773 -1
1991.6881296871227 -1
1977.3118703128773 -1
1993.6881296871227 -1
1994.6881296871227 -1
1995.6881296871227 -1
1996.6881296871227 -1
1997.6881296871227 -1
1998.6881296871227 -1
1984.3118703128773 -1
2000.6881296871227 -1
2001.6881296871227 -1
1987.3118703128773 -1
2003.6881296871227 -1
2004.6881296871227 -1
2005.6881296871227 -1
2006.6881296871227 -1
1992.3118703128773 -1
1898.6694984208098 -1
1899.6694984208098 -1
1903.3305015791902 -1
1901.6694984208098 -1
1902.6694984208098 -1
1906.3305015791902 -1
1907.3305015791902 -1
1908.3305015791902 -1
1906.6694984208098 -1
1910.3305015791902 -1
1911.3305015791902 -1
1909.6694984208098 -1
1913.3305015791902 -1
1914.3305015791902 -1
1912.6694984208098 -1
1913.6694984208098 -1
1914.6694984208098 -1
1915.6694984208098 -1
1919.3305015791902 -1
1917.6694984208098 -1
1921.3305015791902 -1
1922.3305015791902 -1
1920.6694984208098 -1
1921.6694984208098 -1
1922.6694984208098 -1
1923.6694984208098 -1
1924.6694984208098 -1
1925.6694984208098 -1
1929.3305015791902 -1
1927.6694984208098 -1
1931.3305015791902 -1
1932.3305015791902 -1
1930.6694984208098 -1
1934.3305015791902 -1
1935.3305015791902 -1
1936.3305015791902 -1
1934.6694984208098 -1
1935.6694984208098 -1
1939.3305015791902 -1
1937.6694984208098 -1
1941.3305015791902 -1
1942.3305015791902 -1
1940.6694984208098 -1
1941.6694984208098 -1
1945.3305015791902 -1
1946.3305015791902 -1
1947.3305015791902 -1
1945.6694984208098 -1
1949.3305015791902 -1
1947.6694984208098 -1
1948.6694984208098 -1
1949.6694984208098 -1
1953.3305015791902 -1
1954.3305015791902 -1
1955.3305015791902 -1
1953.6694984208098 -1
1954.6694984208098 -1
1958.3305015791902 -1
1956.6694984208098 -1
1957.6694984208098 -1
1958.6694984208098 -1
1959.6694984208098 -1
1960.6694984208098 -1
1961.6694984208098 -1
1962.6694984208098 -1
1966.3305015791902 -1
1967.3305015791902 -1
1968.3305015791902 -1
1966.6694984208098 -1
1967.6694984208098 -1
1968.6694984208098 -1
1969.6694984208098 -1
1973.3305015791902 -1
1974.3305015791902 -1
1972.6694984208098 -1
1976.3305015791902 -1
1974.6694984208098 -1
1975.6694984208098 -1
1976.6694984208098 -1
1980.3305015791902 -1
1981.3305015791902 -1
1982.3305015791902 -1
1983.3305015791902 -1
1981.6694984208098 -1
1985.3305015791902 -1
1983.6694984208098 -1
1987.3305015791902 -1
1988.3305015791902 -1
1989.3305015791902 -1
1990.3305015791902 -1
1991.3305015791902 -1
1992.3305015791902 -1
1990.6694984208098 -1
1994.3305015791902 -1
1995.3305015791902 -1
1993.6694984208098 -1
1997.3305015791902 -1
1998.3305015791902 -1
1999.3305015791902 -1
2000.3305015791902 -1
1998.6694984208098 -1
1898.6699908766598 -1
1899.6699908766598 -1
1903.3300091233402 -1
1901.6699908766598 -1
1902.6699908766598 -1
1906.3300091233402 -1
1907.3300091233402 -1
1908.3300091233402 -1
1906.6699908766598 -1
1910.3300091233402 -1
1911.3300091233402 -1
1909.6699908766598 -1
1913.3300091233402 -1
1914.3300091233402 -1
1912.6699908766598 -1
1913.6699908766598 -1
1914.6699908766598 -1
1915.6699908766598 -1
1919.3300091233402 -1
1917.6699908766598 -1
1921.3300091233402 -1
1922.3300091233402 -1
1920.6699908766598 -1
1921.6699908766598 -1
1922.6699908766598 -1
1923.6699908766598 -1
1924.6699908766598 -1
1925.6699908766598 -1
1929.3300091233402 -1
1927.6699908766598 -1
1931.3300091233402 -1
1932.3300091233402 -1
1930.6699908766598 -1
1934.3300091233402 -1
1935.3300091233402 -1
1936.3300091233402 -1
1934.6699908766598 -1
1935.6699908766598 -1
1939.3300091233402 -1
1937.6699908766598 -1
1941.3300091233402 -1
1942.3300091233402 -1
1940.6699908766598 -1
1941.6699908766598 -1
1945.3300091233402 -1
1946.3300091233402 -1
1947.3300091233402 -1
1945.6699908766598 -1
1949.3300091233402 -1
1947.6699908766598 -1
1948.6699908766598 -1
1949.6699908766598 -1
1953.3300091233402 -1
1954.3300091233402 -1
1955.3300091233402 -1
1953.6699908766598 -1
1954.6699908766598 -1
1958.3300091233402 -1
1956.6699908766598 -1
1957.6699908766598 -1
1958.6699908766598 -1
1959.6699908766598 -1
1960.6699908766598 -1
1961.6699908766598 -1
1962.6699908766598 -1
1966.3300091233402 -1
1967.3300091233402 -1
1968.3300091233402 -1
1966.6699908766598 -1
1967.6699908766598 -1
1968.6699908766598 -1
1969.6699908766598 -1
1973.3300091233402 -1
1971.6699908766598 -1
1972.6699908766598 -1
1976.3300091233402 -1
1974.6699908766598 -1
1975.6699908766598 -1
1976.6699908766598 -1
1980.3300091233402 -1
1981.3300091233402 -1
1982.3300091233402 -1
1983.3300091233402 -1
1981.6699908766598 -1
1985.3300091233402 -1
1983.6699908766598 -1
1987.3300091233402 -1
1988.3300091233402 -1
1989.3300091233402 -1
1990.3300091233402 -1
1991.3300091233402 -1
1992.3300091233402 -1
1990.6699908766598 -1
1994.3300091233402 -1
1995.3300091233402 -1
1993.6699908766598 -1
1997.3300091233402 -1
1998.3300091233402 -1
1999.3300091233402 -1
2000.3300091233402 -1
1998.6699908766598 -1
1898.6695250576806 -1
1899.6695250576806 -1
1903.3304749423194 -1
1901.6695250576806 -1
1902.6695250576806 -1
1906.3304749423194 -1
1907.3304749423194 -1
1908.3304749423194 -1
1906.6695250576806 -1
1910.3304749423194 -1
1911.3304749423194 -1
1909.6695250576806 -1
1913.3304749423194 -1
1914.3304749423194 -1
1912.6695250576806 -1
1913.6695250576806 -1
1914.6695250576806 -1
1915.6695250576806 -1
1919.3304749423194 -1
1917.6695250576806 -1
1921.3304749423194 -1
1922.3304749423194 -1
1920.6695250576806 -1
1921.6695250576806 -1
1922.6695250576806 -1
1923.6695250576806 -1
1924.6695250576806 -1
1925.6695250576806 -1
1929.3304749423194 -1
1927.6695250576806 -1
1931.3304749423194 -1
1932.3304749423194 -1
1930.6695250576806 -1
1934.3304749423194 -1
1935.3304749423194 -1
1936.3304749423194 -1
1934.6695250576806 -1
1935.6695250576806 -1
1939.3304749423194 -1
1937.6695250576806 -1
1941.3304749423194 -1
1942.3304749423194 -1
1940.6695250576806 -1
1941.6695250576806 -1
1945.3304749423194 -1
1946.3304749423194 -1
1947.3304749423194 -1
1945.6695250576806 -1
1949.3304749423194 -1
1947.6695250576806 -1
1948.6695250576806 -1
1949.6695250576806 -1
1953.3304749423194 -1
1954.3304749423194 -1
1955.3304749423194 -1
1953.6695250576806 -1
1954.6695250576806 -1
1958.3304749423194 -1
1956.6695250576806 -1
1957.6695250576806 -1
1958.6695250576806 -1
1959.6695250576806 -1
1960.6695250576806 -1
1961.6695250576806 -1
1962.6695250576806 -1
1966.3304749423194 -1
1967.3304749423194 -1
1968.3304749423194 -1
1966.6695250576806 -1
1967.6695250576806 -1
1968.6695250576806 -1
1969.6695250576806 -1
1973.3304749423194 -1
1974.3304749423194 -1
1972.6695250576806 -1
1976.3304749423194 -1
1974.6695250576806 -1
1975.6695250576806 -1
1976.6695250576806 -1
1980.3304749423194 -1
1981.3304749423194 -1
1982.3304749423194 -1
1983.3304749423194 -1
1981.6695250576806 -1
1985.3304749423194 -1
1983.6695250576806 -1
1987.3304749423194 -1
1988.3304749423194 -1
1989.3304749423194 -1
1990.3304749423194 -1
1991.3304749423194 -1
1992.3304749423194 -1
1990.6695250576806 -1
1994.3304749423194 -1
1995.3304749423194 -1
1993.6695250576806 -1
1997.3304749423194 -1
1998.3304749423194 -1
1999.3304749423194 -1
2000.3304749423194 -1
1998.6695250576806 -1
1900.003229467687 -1
1901.003229467687 -1
1901.996770532313 -1
1903.003229467687 -1
1904.003229467687 -1
1904.996770532313 -1
1905.996770532313 -1
1906.996770532313 -1
1908.003229467687 -1
1908.996770532313 -1
1910.003229467687 -1
1911.003229467687 -1
1912.003229467687 -1
1912.996770532313 -1
1914.003229467687 -1
1915.003229467687 -1
1916.003229467687 -1
1917.003229467687 -1
1917.996770532313 -1
1919.003229467687 -1
1919.996770532313 -1
1920.996770532313 -1
1922.003229467687 -1
1923.003229467687 -1
1924.003229467687 -1
1925.003229467687 -1
1926.003229467687 -1
1927.003229467687 -1
1927.996770532313 -1
1929.003229467687 -1
1929.996770532313 -1
1930.996770532313 -1
1932.003229467687 -1
1932.996770532313 -1
1933.996770532313 -1
1935.003229467687 -1
1936.003229467687 -1
1937.003229467687 -1
1937.996770532313 -1
1939.003229467687 -1
1939.996770532313 -1
1940.996770532313 -1
1942.003229467687 -1
1943.003229467687 -1
1943.996770532313 -1
1945.003229467687 -1
1946.003229467687 -1
1947.003229467687 -1
1947.996770532313 -1
1949.003229467687 -1
1950.003229467687 -1
1951.003229467687 -1
1951.996770532313 -1
1952.996770532313 -1
1953.996770532313 -1
1955.003229467687 -1
1956.003229467687 -1
1956.996770532313 -1
1958.003229467687 -1
1959.003229467687 -1
1960.003229467687 -1
1961.003229467687 -1
1962.003229467687 -1
1963.003229467687 -1
1964.003229467687 -1
1964.996770532313 -1
1966.003229467687 -1
1966.996770532313 -1
1968.003229467687 -1
1969.003229467687 -1
1970.003229467687 -1
1971.003229467687 -1
1971.996770532313 -1
1973.003229467687 -1
1974.003229467687 -1
1974.996770532313 -1
1976.003229467687 -1
1977.003229467687 -1
1978.003229467687 -1
1979.003229467687 -1
1979.996770532313 -1
1980.996770532313 -1
1981.996770532313 -1
1983.003229467687 -1
1983.996770532313 -1
1985.003229467687 -1
1985.996770532313 -1
1986.996770532313 -1
1987.996770532313 -1
1988.996770532313 -1
1989.996770532313 -1
1991.003229467687 -1
1992.003229467687 -1
1992.996770532313 -1
1993.996770532313 -1
1995.003229467687 -1
1996.003229467687 -1
1996.996770532313 -1
1997.996770532313 -1
1998.996770532313 -1
2000.003229467687 -1
1900.003229467687 -1
1901.003229467687 -1
1901.996770532313 -1
1903.003229467687 -1
1904.003229467687 -1
1904.996770532313 -1
1905.996770532313 -1
1906.996770532313 -1
1908.003229467687 -1
1908.996770532313 -1
1910.003229467687 -1
1911.003229467687 -1
1912.003229467687 -1
1912.996770532313 -1
1914.003229467687 -1
1915.003229467687 -1
1916.003229467687 -1
1917.003229467687 -1
1917.996770532313 -1
1919.003229467687 -1
1919.996770532313 -1
1920.996770532313 -1
1922.003229467687 -1
1923.003229467687 -1
1924.003229467687 -1
1925.003229467687 -1
1926.003229467687 -1
1927.003229467687 -1
1927.996770532313 -1
1929.003229467687 -1
1929.996770532313 -1
1930.996770532313 -1
1932.003229467687 -1
1932.996770532313 -1
1933.996770532313 -1
1935.003229467687 -1
1936.003229467687 -1
1937.003229467687 -1
1937.996770532313 -1
1939.003229467687 -1
1939.996770532313 -1
1940.996770532313 -1
1942.003229467687 -1
1943.003229467687 -1
1943.996770532313 -1
1945.003229467687 -1
1946.003229467687 -1
1947.003229467687 -1
1947.996770532313 -1
1949.003229467687 -1
1950.003229467687 -1
1951.003229467687 -1
1951.996770532313 -1
1952.996770532313 -1
1953.996770532313 -1
1955.003229467687 -1
1956.003229467687 -1
1956.996770532313 -1
1958.003229467687 -1
1959.003229467687 -1
1960.003229467687 -1
1961.003229467687 -1
1962.003229467687 -1
1963.003229467687 -1
1964.003229467687 -1
1964.996770532313 -1
1966.003229467687 -1
1966.996770532313 -1
1968.003229467687 -1
1969.003229467687 -1
1970.003229467687 -1
1971.003229467687 -1
1971.996770532313 -1
1973.003229467687 -1
1974.003229467687 -1
1974.996770532313 -1
1976.003229467687 -1
1977.003229467687 -1
1978.003229467687 -1
1979.003229467687 -1
1979.996770532313 -1
1980.996770532313 -1
1981.996770532313 -1
1983.003229467687 -1
1983.996770532313 -1
1985.003229467687 -1
1985.996770532313 -1
1986.996770532313 -1
1987.996770532313 -1
1988.996770532313 -1
1989.996770532313 -1
1991.003229467687 -1
1992.003229467687 -1
1992.996770532313 -1
1993.996770532313 -1
1995.003229467687 -1
1996.003229467687 -1
1996.996770532313 -1
1997.996770532313 -1
1998.996770532313 -1
2000.003229467687 -1
1900.0002062354818 -1
1901.0002062354818 -1
1902.0002062354818 -1
1903.0002062354818 -1
1904.0002062354818 -1
1905.0002062354818 -1
1906.0002062354818 -1
1907.0002062354818 -1
1908.0002062354818 -1
1909.0002062354818 -1
1910.0002062354818 -1
1911.0002062354818 -1
1912.0002062354818 -1
1913.0002062354818 -1
1914.0002062354818 -1
1915.0002062354818 -1
1916.0002062354818 -1
1917.0002062354818 -1
1918.0002062354818 -1
1919.0002062354818 -1
1920.0002062354818 -1
1921.0002062354818 -1
1922.0002062354818 -1
1923.0002062354818 -1
1924.0002062354818 -1
1925.0002062354818 -1
1926.0002062354818 -1
1927.0002062354818 -1
1928.0002062354818 -1
1929.0002062354818 -1
1930.0002062354818 -1
1930.9997937645182 -1
1932.0002062354818 -1
1933.0002062354818 -1
1934.0002062354818 -1
1935.0002062354818 -1
1936.0002062354818 -1
1937.0002062354818 -1
1938.0002062354818 -1
1939.0002062354818 -1
1940.0002062354818 -1
1941.0002062354818 -1
1942.0002062354818 -1
1943.0002062354818 -1
1944.0002062354818 -1
1945.0002062354818 -1
1946.0002062354818 -1
1947.0002062354818 -1
1948.0002062354818 -1
1949.0002062354818 -1
1950.0002062354818 -1
1951.0002062354818 -1
1952.0002062354818 -1
1953.0002062354818 -1
1954.0002062354818 -1
1955.0002062354818 -1
1956.0002062354818 -1
1957.0002062354818 -1
1958.0002062354818 -1
1959.0002062354818 -1
1960.0002062354818 -1
1961.0002062354818 -1
1962.0002062354818 -1
1963.0002062354818 -1
1964.0002062354818 -1
1964.9997937645182 -1
1966.0002062354818 -1
1967.0002062354818 -1
1968.0002062354818 -1
1969.0002062354818 -1
1970.0002062354818 -1
1971.0002062354818 -1
1972.0002062354818 -1
1973.0002062354818 -1
1974.0002062354818 -1
1975.0002062354818 -1
1976.0002062354818 -1
1977.0002062354818 -1
1978.0002062354818 -1
1979.0002062354818 -1
1980.0002062354818 -1
1981.0002062354818 -1
1981.9997937645182 -1
1983.0002062354818 -1
1984.0002062354818 -1
1985.0002062354818 -1
1986.0002062354818 -1
1987.0002062354818 -1
1988.0002062354818 -1
1989.0002062354818 -1
1990.0002062354818 -1
1991.0002062354818 -1
1992.0002062354818 -1
1993.0002062354818 -1
1994.0002062354818 -1
1995.0002062354818 -1
1996.0002062354818 -1
1996.9997937645182 -1
1998.0002062354818 -1
1998.9997937645182 -1
2000.0002062354818 -1
1900.0014436921651 -1
1901.0014436921651 -1
1901.9985563078349 -1
1903.0014436921651 -1
1904.0014436921651 -1
1904.9985563078349 -1
1905.9985563078349 -1
1906.9985563078349 -1
1908.0014436921651 -1
1908.9985563078349 -1
1910.0014436921651 -1
1911.0014436921651 -1
1912.0014436921651 -1
1912.9985563078349 -1
1914.0014436921651 -1
1915.0014436921651 -1
1916.0014436921651 -1
1917.0014436921651 -1
1917.9985563078349 -1
1919.0014436921651 -1
1919.9985563078349 -1
1920.9985563078349 -1
1922.0014436921651 -1
1923.0014436921651 -1
1924.0014436921651 -1
1925.0014436921651 -1
1926.0014436921651 -1
1927.0014436921651 -1
1927.9985563078349 -1
1929.0014436921651 -1
1930.0014436921651 -1
1930.9985563078349 -1
1932.0014436921651 -1
1932.9985563078349 -1
1933.9985563078349 -1
1935.0014436921651 -1
1936.0014436921651 -1
1937.0014436921651 -1
1937.9985563078349 -1
1939.0014436921651 -1
1939.9985563078349 -1
1940.9985563078349 -1
1942.0014436921651 -1
1943.0014436921651 -1
1943.9985563078349 -1
1945.0014436921651 -1
1946.0014436921651 -1
1947.0014436921651 -1
1947.9985563078349 -1
1949.0014436921651 -1
1950.0014436921651 -1
1951.0014436921651 -1
1951.9985563078349 -1
1952.9985563078349 -1
1953.9985563078349 -1
1955.0014436921651 -1
1956.0014436921651 -1
1956.9985563078349 -1
1958.0014436921651 -1
1959.0014436921651 -1
1960.0014436921651 -1
1961.0014436921651 -1
1962.0014436921651 -1
1963.0014436921651 -1
1964.0014436921651 -1
1964.9985563078349 -1
1966.0014436921651 -1
1966.9985563078349 -1
1968.0014436921651 -1
1969.0014436921651 -1
1970.0014436921651 -1
1971.0014436921651 -1
1971.9985563078349 -1
1973.0014436921651 -1
1974.0014436921651 -1
1974.9985563078349 -1
1976.0014436921651 -1
1977.0014436921651 -1
1978.0014436921651 -1
1979.0014436921651 -1
1979.9985563078349 -1
1980.9985563078349 -1
1981.9985563078349 -1
1983.0014436921651 -1
1983.9985563078349 -1
1985.0014436921651 -1
1985.9985563078349 -1
1986.9985563078349 -1
1987.9985563078349 -1
1988.9985563078349 -1
1989.9985563078349 -1
1991.0014436921651 -1
1992.0014436921651 -1
1992.9985563078349 -1
1993.9985563078349 -1
1995.0014436921651 -1
1996.0014436921651 -1
1996.9985563078349 -1
1997.9985563078349 -1
1998.9985563078349 -1
2000.0014436921651 -1
1900.0051640671543 -1
1901.0051640671543 -1
1901.9948359328457 -1
1903.0051640671543 -1
1904.0051640671543 -1
1904.9948359328457 -1
1905.9948359328457 -1
1906.9948359328457 -1
1908.0051640671543 -1
1908.9948359328457 -1
1910.0051640671543 -1
1911.0051640671543 -1
1912.0051640671543 -1
1912.9948359328457 -1
1914.0051640671543 -1
1915.0051640671543 -1
1916.0051640671543 -1
1917.0051640671543 -1
1917.9948359328457 -1
1919.0051640671543 -1
1919.9948359328457 -1
1920.9948359328457 -1
1922.0051640671543 -1
1923.0051640671543 -1
1924.0051640671543 -1
1925.0051640671543 -1
1926.0051640671543 -1
1927.0051640671543 -1
1927.9948359328457 -1
1929.0051640671543 -1
1929.9948359328457 -1
1930.9948359328457 -1
1932.0051640671543 -1
1932.9948359328457 -1
1933.9948359328457 -1
1935.0051640671543 -1
1936.0051640671543 -1
1937.0051640671543 -1
1937.9948359328457 -1
1939.0051640671543 -1
1939.9948359328457 -1
1940.9948359328457 -1
1942.0051640671543 -1
1943.0051640671543 -1
1943.9948359328457 -1
1945.0051640671543 -1
1946.0051640671543 -1
1947.0051640671543 -1
1947.9948359328457 -1
1949.0051640671543 -1
1950.0051640671543 -1
1951.0051640671543 -1
1951.9948359328457 -1
1952.9948359328457 -1
1953.9948359328457 -1
1955.0051640671543 -1
1956.0051640671543 -1
1956.9948359328457 -1
1958.0051640671543 -1
1959.0051640671543 -1
1960.0051640671543 -1
1961.0051640671543 -1
1962.0051640671543 -1
1963.0051640671543 -1
1964.0051640671543 -1
1964.9948359328457 -1
1966.0051640671543 -1
1966.9948359328457 -1
1968.0051640671543 -1
1969.0051640671543 -1
1970.0051640671543 -1
1971.0051640671543 -1
1971.9948359328457 -1
1973.0051640671543 -1
1974.0051640671543 -1
1974.9948359328457 -1
1976.0051640671543 -1
1977.0051640671543 -1
1978.0051640671543 -1
1979.0051640671543 -1
1979.9948359328457 -1
1980.9948359328457 -1
1981.9948359328457 -1
1983.0051640671543 -1
1983.9948359328457 -1
1985.0051640671543 -1
1985.9948359328457 -1
1986.9948359328457 -1
1987.9948359328457 -1
1988.9948359328457 -1
1989.9948359328457 -1
1991.0051640671543 -1
1992.0051640671543 -1
1992.9948359328457 -1
1993.9948359328457 -1
1995.0051640671543 -1
1996.0051640671543 -1
1996.9948359328457 -1
1997.9948359328457 -1
1998.9948359328457 -1
2000.0051640671543 -1
1900.0067242705957 -1
1901.0067242705957 -1
1901.9932757294043 -1
1903.0067242705957 -1
1904.0067242705957 -1
1904.9932757294043 -1
1905.9932757294043 -1
1906.9932757294043 -1
1908.0067242705957 -1
1908.9932757294043 -1
1910.0067242705957 -1
1911.0067242705957 -1
1912.0067242705957 -1
1912.9932757294043 -1
1914.0067242705957 -1
1915.0067242705957 -1
1916.0067242705957 -1
1917.0067242705957 -1
1917.9932757294043 -1
1919.0067242705957 -1
1919.9932757294043 -1
1920.9932757294043 -1
1922.0067242705957 -1
1923.0067242705957 -1
1924.0067242705957 -1
1925.0067242705957 -1
1926.0067242705957 -1
1927.0067242705957 -1
1927.9932757294043 -1
1929.0067242705957 -1
1929.9932757294043 -1
1930.9932757294043 -1
1932.0067242705957 -1
1932.9932757294043 -1
1933.9932757294043 -1
1935.0067242705957 -1
1936.0067242705957 -1
1937.0067242705957 -1
1937.9932757294043 -1
1939.0067242705957 -1
1939.9932757294043 -1
1940.9932757294043 -1
1942.0067242705957 -1
1943.0067242705957 -1
1943.9932757294043 -1
1945.0067242705957 -1
1946.0067242705957 -1
1947.0067242705957 -1
1947.9932757294043 -1
1949.0067242705957 -1
1950.0067242705957 -1
1951.0067242705957 -1
1951.9932757294043 -1
1952.9932757294043 -1
1953.9932757294043 -1
1955.0067242705957 -1
1956.0067242705957 -1
1956.9932757294043 -1
1958.0067242705957 -1
1959.0067242705957 -1
1960.0067242705957 -1
1961.0067242705957 -1
1962.0067242705957 -1
1963.0067242705957 -1
1964.0067242705957 -1
1964.9932757294043 -1
1966.0067242705957 -1
1966.9932757294043 -1
1968.0067242705957 -1
1969.0067242705957 -1
1970.0067242705957 -1
1971.0067242705957 -1
1971.9932757294043 -1
1973.0067242705957 -1
1974.0067242705957 -1
1974.9932757294043 -1
1976.0067242705957 -1
1977.0067242705957 -1
1978.0067242705957 -1
1979.0067242705957 -1
1979.9932757294043 -1
1980.9932757294043 -1
1981.9932757294043 -1
1983.0067242705957 -1
1983.9932757294043 -1
1985.0067242705957 -1
1985.9932757294043 -1
1986.9932757294043 -1
1987.9932757294043 -1
1988.9932757294043 -1
1989.9932757294043 -1
1991.0067242705957 -1
1992.0067242705957 -1
1992.9932757294043 -1
1993.9932757294043 -1
1995.0067242705957 -1
1996.0067242705957 -1
1996.9932757294043 -1
1997.9932757294043 -1
1998.9932757294043 -1
2000.0067242705957 -1
1902.5067098725401 -1
1903.5067098725401 -1
1899.4932901274599 -1
1905.5067098725401 -1
1906.5067098725401 -1
1902.4932901274599 -1
1903.4932901274599 -1
1904.4932901274599 -1
1910.5067098725401 -1
1906.4932901274599 -1
1912.5067098725401 -1
1913.5067098725401 -1
1914.5067098725401 -1
1910.4932901274599 -1
1916.5067098725401 -1
1917.5067098725401 -1
1918.5067098725401 -1
1919.5067098725401 -1
1915.4932901274599 -1
1921.5067098725401 -1
1917.4932901274599 -1
1918.4932901274599 -1
1924.5067098725401 -1
1925.5067098725401 -1
1926.5067098725401 -1
1927.5067098725401 -1
1928.5067098725401 -1
1929.5067098725401 -1
1925.4932901274599 -1
1931.5067098725401 -1
1927.4932901274599 -1
1928.4932901274599 -1
1934.5067098725401 -1
1930.4932901274599 -1
1931.4932901274599 -1
1937.5067098725401 -1
1938.5067098725401 -1
1939.5067098725401 -1
1935.4932901274599 -1
1941.5067098725401 -1
1937.4932901274599 -1
1938.4932901274599 -1
1944.5067098725401 -1
1945.5067098725401 -1
1941.4932901274599 -1
1947.5067098725401 -1
1948.5067098725401 -1
1949.5067098725401 -1
1945.4932901274599 -1
1951.5067098725401 -1
1952.5067098725401 -1
1953.5067098725401 -1
1949.4932901274599 -1
1950.4932901274599 -1
1951.4932901274599 -1
1957.5067098725401 -1
1958.5067098725401 -1
1954.4932901274599 -1
1960.5067098725401 -1
1961.5067098725401 -1
1962.5067098725401 -1
1963.5067098725401 -1
1964.5067098725401 -1
1965.5067098725401 -1
1966.5067098725401 -1
1962.4932901274599 -1
1968.5067098725401 -1
1964.4932901274599 -1
1970.5067098725401 -1
1971.5067098725401 -1
1972.5067098725401 -1
1973.5067098725401 -1
1969.4932901274599 -1
1975.5067098725401 -1
1976.5067098725401 -1
1972.4932901274599 -1
1978.5067098725401 -1
1979.5067098725401 -1
1980.5067098725401 -1
1981.5067098725401 -1
1977.4932901274599 -1
1978.4932901274599 -1
1979.4932901274599 -1
1985.5067098725401 -1
1981.4932901274599 -1
1987.5067098725401 -1
1983.4932901274599 -1
1984.4932901274599 -1
1985.4932901274599 -1
1986.4932901274599 -1
1987.4932901274599 -1
1993.5067098725401 -1
1994.5067098725401 -1
1990.4932901274599 -1
1991.4932901274599 -1
1997.5067098725401 -1
1998.5067098725401 -1
1994.4932901274599 -1
1995.4932901274599 -1
1996.4932901274599 -1
2002.5067098725401 -1
1910.0345509012227 -1
1911.0345509012227 -1
1891.9654490987773 -1
1913.0345509012227 -1
1914.0345509012227 -1
1894.9654490987773 -1
1895.9654490987773 -1
1896.9654490987773 -1
1918.0345509012227 -1
1915.7937193901612 -1
1920.0345509012227 -1
1921.0345509012227 -1
1922.0345509012227 -1
1902.9654490987773 -1
1924.0345509012227 -1
1925.0345509012227 -1
1926.0345509012227 -1
1927.0345509012227 -1
1907.9654490987773 -1
1929.0345509012227 -1
1909.9654490987773 -1
1910.9654490987773 -1
1932.0345509012227 -1
1933.0345509012227 -1
1934.0345509012227 -1
1935.0345509012227 -1
1936.0345509012227 -1
1937.0345509012227 -1
1917.9654490987773 -1
1939.0345509012227 -1
1936.2554953859303 -1
1920.9654490987773 -1
1942.0345509012227 -1
1922.9654490987773 -1
1923.9654490987773 -1
1945.0345509012227 -1
1946.0345509012227 -1
1947.0345509012227 -1
1927.9654490987773 -1
1949.0345509012227 -1
1929.9654490987773 -1
1930.9654490987773 -1
1952.0345509012227 -1
1953.0345509012227 -1
1933.9654490987773 -1
1944.694242411743 -1
1956.0345509012227 -1
1957.0345509012227 -1
1937.9654490987773 -1
1959.0345509012227 -1
1960.0345509012227 -1
1961.0345509012227 -1
1941.9654490987773 -1
1942.9654490987773 -1
1943.9654490987773 -1
1965.0345509012227 -1
1966.0345509012227 -1
1946.9654490987773 -1
1968.0345509012227 -1
1969.0345509012227 -1
1970.0345509012227 -1
1971.0345509012227 -1
1972.0345509012227 -1
1973.0345509012227 -1
1974.0345509012227 -1
1954.9654490987773 -1
1963.3559284725798 -1
1956.9654490987773 -1
1978.0345509012227 -1
1979.0345509012227 -1
1980.0345509012227 -1
1981.0345509012227 -1
1961.9654490987773 -1
1983.0345509012227 -1
1984.0345509012227 -1
1964.9654490987773 -1
1986.0345509012227 -1
1987.0345509012227 -1
1988.0345509012227 -1
1989.0345509012227 -1
1969.9654490987773 -1
1970.9654490987773 -1
1971.9654490987773 -1
1993.0345509012227 -1
1973.9654490987773 -1
1995.0345509012227 -1
1975.9654490987773 -1
1976.9654490987773 -1
1977.9654490987773 -1
1978.9654490987773 -1
1979.9654490987773 -1
2001.0345509012227 -1
2002.0345509012227 -1
1982.9654490987773 -1
1983.9654490987773 -1
2005.0345509012227 -1
2006.0345509012227 -1
1986.9654490987773 -1
1987.9654490987773 -1
1988.9654490987773 -1
2010.0345509012227 -1
1914.4231808932539 -1
1915.4231808932539 -1
1887.5768191067461 -1
1917.4231808932539 -1
1918.4231808932539 -1
1890.5768191067461 -1
1891.5768191067461 -1
1892.5768191067461 -1
1922.4231808932539 -1
1918.4097611481736 -1
1924.4231808932539 -1
1925.4231808932539 -1
1926.4231808932539 -1
1898.5768191067461 -1
1928.4231808932539 -1
1929.4231808932539 -1
1930.4231808932539 -1
1931.4231808932539 -1
1903.5768191067461 -1
1933.4231808932539 -1
1905.5768191067461 -1
1906.5768191067461 -1
1936.4231808932539 -1
1937.4231808932539 -1
1938.4231808932539 -1
1939.4231808932539 -1
1940.4231808932539 -1
1941.4231808932539 -1
1913.5768191067461 -1
1943.4231808932539 -1
1938.5771529607762 -1
1916.5768191067461 -1
1946.4231808932539 -1
1918.5768191067461 -1
1919.5768191067461 -1
1949.4231808932539 -1
1950.4231808932539 -1
1951.4231808932539 -1
1923.5768191067461 -1
1953.4231808932539 -1
1925.5768191067461 -1
1926.5768191067461 -1
1956.4231808932539 -1
1957.4231808932539 -1
1929.5768191067461 -1
1943.8320341978654 -1
1960.4231808932539 -1
1961.4231808932539 -1
1933.5768191067461 -1
1963.4231808932539 -1
1964.4231808932539 -1
1965.4231808932539 -1
1937.5768191067461 -1
1938.5768191067461 -1
1939.5768191067461 -1
1969.4231808932539 -1
1970.4231808932539 -1
1942.5768191067461 -1
1972.4231808932539 -1
1973.4231808932539 -1
1974.4231808932539 -1
1975.4231808932539 -1
1976.4231808932539 -1
1977.4231808932539 -1
1978.4231808932539 -1
1950.5768191067461 -1
1963.00955638166 -1
1952.5768191067461 -1
1982.4231808932539 -1
1983.4231808932539 -1
1984.4231808932539 -1
1985.4231808932539 -1
1957.5768191067461 -1
1987.4231808932539 -1
1988.4231808932539 -1
1960.5768191067461 -1
1990.4231808932539 -1
1991.4231808932539 -1
1992.4231808932539 -1
1993.4231808932539 -1
1965.5768191067461 -1
1966.5768191067461 -1
1967.5768191067461 -1
1997.4231808932539 -1
1969.5768191067461 -1
1999.4231808932539 -1
1971.5768191067461 -1
1972.5768191067461 -1
1973.5768191067461 -1
1974.5768191067461 -1
1975.5768191067461 -1
2005.4231808932539 -1
2006.4231808932539 -1
1978.5768191067461 -1
1979.5768191067461 -1
2009.4231808932539 -1
2010.4231808932539 -1
1982.5768191067461 -1
1983.5768191067461 -1
1984.5768191067461 -1
2014.4231808932539 -1
1885.5536598920664 -1
1886.5536598920664 -1
1887.5536598920664 -1
1888.5536598920664 -1
1889.5536598920664 -1
1890.5536598920664 -1
1891.5536598920664 -1
1892.5536598920664 -1
1893.5536598920664 -1
1894.5536598920664 -1
1895.5536598920664 -1
1896.5536598920664 -1
1897.5536598920664 -1
1898.5536598920664 -1
1899.5536598920664 -1
1900.5536598920664 -1
1901.5536598920664 -1
1902.5536598920664 -1
1903.5536598920664 -1
1904.5536598920664 -1
1905.5536598920664 -1
1906.5536598920664 -1
1907.5536598920664 -1
1908.5536598920664 -1
1909.5536598920664 -1
1910.5536598920664 -1
1911.5536598920664 -1
1912.5536598920664 -1
1913.5536598920664 -1
1914.5536598920664 -1
1915.5536598920664 -1
1916.5536598920664 -1
1917.5536598920664 -1
1918.5536598920664 -1
1919.5536598920664 -1
1920.5536598920664 -1
1921.5536598920664 -1
1922.5536598920664 -1
1923.5536598920664 -1
1924.5536598920664 -1
1925.5536598920664 -1
1926.5536598920664 -1
1927.5536598920664 -1
1928.5536598920664 -1
1929.5536598920664 -1
1930.5536598920664 -1
1931.5536598920664 -1
1932.5536598920664 -1
1933.5536598920664 -1
1934.5536598920664 -1
1935.5536598920664 -1
1936.5536598920664 -1
1937.5536598920664 -1
1938.5536598920664 -1
1939.5536598920664 -1
1940.5536598920664 -1
1941.5536598920664 -1
1942.5536598920664 -1
1943.5536598920664 -1
1944.5536598920664 -1
1945.5536598920664 -1
1946.5536598920664 -1
1947.5536598920664 -1
1948.5536598920664 -1
1949.5536598920664 -1
1950.5536598920664 -1
1951.5536598920664 -1
1952.5536598920664 -1
1953.5536598920664 -1
1954.5536598920664 -1
1955.5536598920664 -1
1956.5536598920664 -1
1957.5536598920664 -1
1958.5536598920664 -1
1959.5536598920664 -1
1960.5536598920664 -1
1961.5536598920664 -1
1962.5536598920664 -1
1963.5536598920664 -1
1964.5536598920664 -1
1965.5536598920664 -1
1966.5536598920664 -1
1967.5536598920664 -1
1968.5536598920664 -1
1969.5536598920664 -1
1970.5536598920664 -1
1971.5536598920664 -1
1972.5536598920664 -1
1973.5536598920664 -1
1974.5536598920664 -1
1975.5536598920664 -1
1976.5536598920664 -1
1977.5536598920664 -1
1978.5536598920664 -1
1979.5536598920664 -1
1980.5536598920664 -1
1981.5536598920664 -1
1982.5536598920664 -1
1983.5536598920664 -1
1984.5536598920664 -1
1985.5536598920664 -1
1897.5000174892266 -1
1898.5000174892266 -1
1899.5000174892266 -1
1900.5000174892266 -1
1901.5000174892266 -1
1902.5000174892266 -1
1903.5000174892266 -1
1904.5000174892266 -1
1905.5000174892266 -1
1906.5000174892266 -1
1907.5000174892266 -1
1908.5000174892266 -1
1909.5000174892266 -1
1910.5000174892266 -1
1911.5000174892266 -1
1912.5000174892266 -1
1913.5000174892266 -1
1914.5000174892266 -1
1915.5000174892266 -1
1916.5000174892266 -1
1917.5000174892266 -1
1918.5000174892266 -1
1919.5000174892266 -1
1920.5000174892266 -1
1921.5000174892266 -1
1922.5000174892266 -1
1923.5000174892266 -1
1924.5000174892266 -1
1925.5000174892266 -1
1926.5000174892266 -1
1927.5000174892266 -1
1928.5000174892266 -1
1929.5000174892266 -1
1930.5000174892266 -1
1931.5000174892266 -1
1932.5000174892266 -1
1933.5000174892266 -1
1934.5000174892266 -1
1935.5000174892266 -1
1936.5000174892266 -1
1937.5000174892266 -1
1938.5000174892266 -1
1939.5000174892266 -1
1940.5000174892266 -1
1941.5000174892266 -1
1942.5000174892266 -1
1943.5000174892266 -1
1944.5000174892266 -1
1945.5000174892266 -1
1946.5000174892266 -1
1947.5000174892266 -1
1948.5000174892266 -1
1949.5000174892266 -1
1950.5000174892266 -1
1951.5000174892266 -1
1952.5000174892266 -1
1953.5000174892266 -1
1954.5000174892266 -1
1955.5000174892266 -1
1956.5000174892266 -1
1957.5000174892266 -1
1958.5000174892266 -1
1959.5000174892266 -1
1960.5000174892266 -1
1961.5000174892266 -1
1962.5000174892266 -1
1963.5000174892266 -1
1964.5000174892266 -1
1965.5000174892266 -1
1966.5000174892266 -1
1967.5000174892266 -1
1968.5000174892266 -1
1969.5000174892266 -1
1970.5000174892266 -1
1971.5000174892266 -1
1972.5000174892266 -1
1973.5000174892266 -1
1974.5000174892266 -1
1975.5000174892266 -1
1976.5000174892266 -1
1977.5000174892266 -1
1978.5000174892266 -1
1979.5000174892266 -1
1980.5000174892266 -1
1981.5000174892266 -1
1982.5000174892266 -1
1983.5000174892266 -1
1984.5000174892266 -1
1985.5000174892266 -1
1986.5000174892266 -1
1987.5000174892266 -1
1988.5000174892266 -1
1989.5000174892266 -1
1990.5000174892266 -1
1991.5000174892266 -1
1992.5000174892266 -1
1993.5000174892266 -1
1994.5000174892266 -1
1995.5000174892266 -1
1996.5000174892266 -1
1997.5000174892266 -1
1897.4932901274599 -1
1898.4932901274599 -1
1904.5067098725401 -1
1900.4932901274599 -1
1901.4932901274599 -1
1907.5067098725401 -1
1908.5067098725401 -1
1909.5067098725401 -1
1905.4932901274599 -1
1911.5067098725401 -1
1907.4932901274599 -1
1908.4932901274599 -1
1909.4932901274599 -1
1915.5067098725401 -1
1911.4932901274599 -1
1912.4932901274599 -1
1913.4932901274599 -1
1914.4932901274599 -1
1920.5067098725401 -1
1916.4932901274599 -1
1922.5067098725401 -1
1923.5067098725401 -1
1919.4932901274599 -1
1920.4932901274599 -1
1921.4932901274599 -1
1922.4932901274599 -1
1923.4932901274599 -1
1924.4932901274599 -1
1930.5067098725401 -1
1926.4932901274599 -1
1932.5067098725401 -1
1933.5067098725401 -1
1929.4932901274599 -1
1935.5067098725401 -1
1936.5067098725401 -1
1932.4932901274599 -1
1933.4932901274599 -1
1934.4932901274599 -1
1940.5067098725401 -1
1936.4932901274599 -1
1942.5067098725401 -1
1943.5067098725401 -1
1939.4932901274599 -1
1940.4932901274599 -1
1946.5067098725401 -1
1942.4932901274599 -1
1943.4932901274599 -1
1944.4932901274599 -1
1950.5067098725401 -1
1946.4932901274599 -1
1947.4932901274599 -1
1948.4932901274599 -1
1954.5067098725401 -1
1955.5067098725401 -1
1956.5067098725401 -1
1952.4932901274599 -1
1953.4932901274599 -1
1959.5067098725401 -1
1955.4932901274599 -1
1956.4932901274599 -1
1957.4932901274599 -1
1958.4932901274599 -1
1959.4932901274599 -1
1960.4932901274599 -1
1961.4932901274599 -1
1967.5067098725401 -1
1963.4932901274599 -1
1969.5067098725401 -1
1965.4932901274599 -1
1966.4932901274599 -1
1967.4932901274599 -1
1968.4932901274599 -1
1974.5067098725401 -1
1970.4932901274599 -1
1971.4932901274599 -1
1977.5067098725401 -1
1973.4932901274599 -1
1974.4932901274599 -1
1975.4932901274599 -1
1976.4932901274599 -1
1982.5067098725401 -1
1983.5067098725401 -1
1984.5067098725401 -1
1980.4932901274599 -1
1986.5067098725401 -1
1982.4932901274599 -1
1988.5067098725401 -1
1989.5067098725401 -1
1990.5067098725401 -1
1991.5067098725401 -1
1992.5067098725401 -1
1988.4932901274599 -1
1989.4932901274599 -1
1995.5067098725401 -1
1996.5067098725401 -1
1992.4932901274599 -1
1993.4932901274599 -1
1999.5067098725401 -1
2000.5067098725401 -1
2001.5067098725401 -1
1997.4932901274599 -1
1885.4565367712012 -1
1886.4565367712012 -1
1916.5434632287988 -1
1888.4565367712012 -1
1889.4565367712012 -1
1919.5434632287988 -1
1920.5434632287988 -1
1921.5434632287988 -1
1893.4565367712012 -1
1923.5434632287988 -1
1895.4565367712012 -1
1896.4565367712012 -1
1897.4565367712012 -1
1927.5434632287988 -1
1899.4565367712012 -1
1900.4565367712012 -1
1901.4565367712012 -1
1902.4565367712012 -1
1932.5434632287988 -1
1904.4565367712012 -1
1934.5434632287988 -1
1935.5434632287988 -1
1907.4565367712012 -1
1908.4565367712012 -1
1909.4565367712012 -1
1910.4565367712012 -1
1911.4565367712012 -1
1912.4565367712012 -1
1942.5434632287988 -1
1914.4565367712012 -1
1937.157267608642 -1
1945.5434632287988 -1
1917.4565367712012 -1
1947.5434632287988 -1
1948.5434632287988 -1
1920.4565367712012 -1
1921.4565367712012 -1
1922.4565367712012 -1
1952.5434632287988 -1
1924.4565367712012 -1
1954.5434632287988 -1
1955.5434632287988 -1
1927.4565367712012 -1
1928.4565367712012 -1
1958.5434632287988 -1
1939.1181191622145 -1
1931.4565367712012 -1
1932.4565367712012 -1
1962.5434632287988 -1
1934.4565367712012 -1
1935.4565367712012 -1
1936.4565367712012 -1
1966.5434632287988 -1
1967.5434632287988 -1
1968.5434632287988 -1
1940.4565367712012 -1
1941.4565367712012 -1
1971.5434632287988 -1
1943.4565367712012 -1
1944.4565367712012 -1
1945.4565367712012 -1
1946.4565367712012 -1
1947.4565367712012 -1
1948.4565367712012 -1
1949.4565367712012 -1
1979.5434632287988 -1
1951.4565367712012 -1
1981.5434632287988 -1
1953.4565367712012 -1
1954.4565367712012 -1
1955.4565367712012 -1
1956.4565367712012 -1
1986.5434632287988 -1
1958.4565367712012 -1
1959.4565367712012 -1
1989.5434632287988 -1
1961.4565367712012 -1
1962.4565367712012 -1
1963.4565367712012 -1
1964.4565367712012 -1
1994.5434632287988 -1
1995.5434632287988 -1
1996.5434632287988 -1
1968.4565367712012 -1
1998.5434632287988 -1
1970.4565367712012 -1
2000.5434632287988 -1
2001.5434632287988 -1
2002.5434632287988 -1
2003.5434632287988 -1
2004.5434632287988 -1
1976.4565367712012 -1
1977.4565367712012 -1
2007.5434632287988 -1
2008.5434632287988 -1
1980.4565367712012 -1
1981.4565367712012 -1
2011.5434632287988 -1
2012.5434632287988 -1
2013.5434632287988 -1
1985.4565367712012 -1
1914.4231808932539 -1
1915.4231808932539 -1
1887.5768191067461 -1
1917.4231808932539 -1
1918.4231808932539 -1
1890.5768191067461 -1
1891.5768191067461 -1
1892.5768191067461 -1
1922.4231808932539 -1
1918.4097611481736 -1
1924.4231808932539 -1
1925.4231808932539 -1
1926.4231808932539 -1
1898.5768191067461 -1
1928.4231808932539 -1
1929.4231808932539 -1
1930.4231808932539 -1
1931.4231808932539 -1
1903.5768191067461 -1
1933.4231808932539 -1
1905.5768191067461 -1
1906.5768191067461 -1
1936.4231808932539 -1
1937.4231808932539 -1
1938.4231808932539 -1
1939.4231808932539 -1
1940.4231808932539 -1
1941.4231808932539 -1
1913.5768191067461 -1
1943.4231808932539 -1
1938.5771529607762 -1
1916.5768191067461 -1
1946.4231808932539 -1
1918.5768191067461 -1
1919.5768191067461 -1
1949.4231808932539 -1
1950.4231808932539 -1
1951.4231808932539 -1
1923.5768191067461 -1
1953.4231808932539 -1
1925.5768191067461 -1
1926.5768191067461 -1
1956.4231808932539 -1
1957.4231808932539 -1
1929.5768191067461 -1
1943.8320341978654 -1
1960.4231808932539 -1
1961.4231808932539 -1
1933.5768191067461 -1
1963.4231808932539 -1
1964.4231808932539 -1
1965.4231808932539 -1
1937.5768191067461 -1
1938.5768191067461 -1
1939.5768191067461 -1
1969.4231808932539 -1
1970.4231808932539 -1
1942.5768191067461 -1
1972.4231808932539 -1
1973.4231808932539 -1
1974.4231808932539 -1
1975.4231808932539 -1
1976.4231808932539 -1
1977.4231808932539 -1
1978.4231808932539 -1
1950.5768191067461 -1
1963.00955638166 -1
1952.5768191067461 -1
1982.4231808932539 -1
1983.4231808932539 -1
1984.4231808932539 -1
1985.4231808932539 -1
1957.5768191067461 -1
1987.4231808932539 -1
1988.4231808932539 -1
1960.5768191067461 -1
1990.4231808932539 -1
1991.4231808932539 -1
1992.4231808932539 -1
1993.4231808932539 -1
1965.5768191067461 -1
1966.5768191067461 -1
1967.5768191067461 -1
1997.4231808932539 -1
1969.5768191067461 -1
1999.4231808932539 -1
1971.5768191067461 -1
1972.5768191067461 -1
1973.5768191067461 -1
1974.5768191067461 -1
1975.5768191067461 -1
2005.4231808932539 -1
2006.4231808932539 -1
1978.5768191067461 -1
1979.5768191067461 -1
2009.4231808932539 -1
2010.4231808932539 -1
1982.5768191067461 -1
1983.5768191067461 -1
1984.5768191067461 -1
2014.4231808932539 -1
1926.8060847038444 -1
1927.8060847038444 -1
1875.1939152961556 -1
1929.8060847038444 -1
1930.8060847038444 -1
1878.1939152961556 -1
1879.1939152961556 -1
1880.1939152961556 -1
1934.8060847038444 -1
1930.7926649587641 -1
1936.8060847038444 -1
1937.8060847038444 -1
1938.8060847038444 -1
1886.1939152961556 -1
1940.8060847038444 -1
1941.8060847038444 -1
1942.8060847038444 -1
1943.8060847038444 -1
1891.1939152961556 -1
1945.8060847038444 -1
1893.1939152961556 -1
1894.1939152961556 -1
1948.8060847038444 -1
1949.8060847038444 -1
1950.8060847038444 -1
1951.8060847038444 -1
1952.8060847038444 -1
1953.8060847038444 -1
1901.1939152961556 -1
1955.8060847038444 -1
1949.1061792816852 -1
1904.1939152961556 -1
1958.8060847038444 -1
1906.1939152961556 -1
1907.1939152961556 -1
1961.8060847038444 -1
1962.8060847038444 -1
1963.8060847038444 -1
1911.1939152961556 -1
1965.8060847038444 -1
1913.1939152961556 -1
1914.1939152961556 -1
1968.8060847038444 -1
1969.8060847038444 -1
1917.1939152961556 -1
1950.6448610453501 -1
1972.8060847038444 -1
1973.8060847038444 -1
1921.1939152961556 -1
1975.8060847038444 -1
1976.8060847038444 -1
1977.8060847038444 -1
1925.1939152961556 -1
1926.1939152961556 -1
1927.1939152961556 -1
1981.8060847038444 -1
1982.8060847038444 -1
1930.1939152961556 -1
1984.8060847038444 -1
1985.8060847038444 -1
1986.8060847038444 -1
1987.8060847038444 -1
1988.8060847038444 -1
1989.8060847038444 -1
1990.8060847038444 -1
1938.1939152961556 -1
1952.4799407732673 -1
1940.1939152961556 -1
1994.8060847038444 -1
1995.8060847038444 -1
1996.8060847038444 -1
1997.8060847038444 -1
1945.1939152961556 -1
1999.8060847038444 -1
2000.8060847038444 -1
1948.1939152961556 -1
2002.8060847038444 -1
2003.8060847038444 -1
2004.8060847038444 -1
2005.8060847038444 -1
1953.1939152961556 -1
1954.1939152961556 -1
1955.1939152961556 -1
2009.8060847038444 -1
1957.1939152961556 -1
2011.8060847038444 -1
1959.1939152961556 -1
1960.1939152961556 -1
1961.1939152961556 -1
1962.1939152961556 -1
1963.1939152961556 -1
2017.8060847038444 -1
2018.8060847038444 -1
1966.1939152961556 -1
1967.1939152961556 -1
2021.8060847038444 -1
2022.8060847038444 -1
1970.1939152961556 -1
1971.1939152961556 -1
1972.1939152961556 -1
2026.8060847038444 -1
1996.80614264149 -1
1997.80614264149 -1
1805.19385735851 -1
1999.80614264149 -1
2000.80614264149 -1
1808.19385735851 -1
1809.19385735851 -1
1810.19385735851 -1
2004.80614264149 -1
1959.9947079366852 -1
2006.80614264149 -1
2007.80614264149 -1
2008.80614264149 -1
1816.19385735851 -1
2010.80614264149 -1
2011.80614264149 -1
2012.80614264149 -1
2013.80614264149 -1
1821.19385735851 -1
2015.80614264149 -1
1823.19385735851 -1
1824.19385735851 -1
2018.80614264149 -1
2019.80614264149 -1
2020.80614264149 -1
2021.80614264149 -1
2022.80614264149 -1
2023.80614264149 -1
1831.19385735851 -1
2025.80614264149 -1
1961.9552628399035 -1
1834.19385735851 -1
2028.80614264149 -1
1836.19385735851 -1
1837.19385735851 -1
2031.80614264149 -1
2032.80614264149 -1
2033.80614264149 -1
1841.19385735851 -1
2035.80614264149 -1
1843.19385735851 -1
1844.19385735851 -1
2038.80614264149 -1
2039.80614264149 -1
1847.19385735851 -1
1963.3258262463023 -1
2042.8061426414897 -1
2043.8061426414902 -1
1851.19385735851 -1
2045.8061426414902 -1
2046.8061426414906 -1
2047.8061426414906 -1
1855.19385735851 -1
1856.19385735851 -1
1857.19385735851 -1
2051.806142641493 -1
2052.8061426414924 -1
1860.19385735851 -1
2054.8061426414924 -1
2055.806142641492 -1
2056.806142641492 -1
2057.8061426414924 -1
2058.806142641493 -1
2059.806142641493 -1
2060.8061426414934 -1
1868.19385735851 -1
1965.0077281984213 -1
1870.19385735851 -1
2064.806142641493 -1
2065.806142641493 -1
2066.806142641493 -1
2067.806142641493 -1
1875.19385735851 -1
2069.806142641493 -1
2070.806142641493 -1
1878.19385735851 -1
2072.8061426414934 -1
2073.8061426414934 -1
2074.806142641493 -1
2075.806142641493 -1
1883.19385735851 -1
1884.19385735851 -1
1885.19385735851 -1
2079.8061426414934 -1
1887.19385735851 -1
2081.806142641494 -1
1889.19385735851 -1
1890.19385735851 -1
1891.19385735851 -1
1892.19385735851 -1
1893.19385735851 -1
2087.8061426414947 -1
2088.8061426414943 -1
1896.19385735851 -1
1897.19385735851 -1
2091.8061426414943 -1
2092.8061426414947 -1
1900.19385735851 -1
1901.19385735851 -1
1902.19385735851 -1
2096.8061426414947 -1
1996.80614264149 -1
1997.80614264149 -1
1805.19385735851 -1
1999.80614264149 -1
2000.80614264149 -1
1808.19385735851 -1
1809.19385735851 -1
1810.19385735851 -1
2004.80614264149 -1
1959.9947079366852 -1
2006.80614264149 -1
2007.80614264149 -1
2008.80614264149 -1
1816.19385735851 -1
2010.80614264149 -1
2011.80614264149 -1
2012.80614264149 -1
2013.80614264149 -1
1821.19385735851 -1
2015.80614264149 -1
1823.19385735851 -1
1824.19385735851 -1
2018.80614264149 -1
2019.80614264149 -1
2020.80614264149 -1
2021.80614264149 -1
2022.80614264149 -1
2023.80614264149 -1
1831.19385735851 -1
2025.80614264149 -1
1961.9552628399035 -1
1834.19385735851 -1
2028.80614264149 -1
1836.19385735851 -1
1837.19385735851 -1
2031.80614264149 -1
2032.80614264149 -1
2033.80614264149 -1
1841.19385735851 -1
2035.80614264149 -1
1843.19385735851 -1
1844.19385735851 -1
2038.80614264149 -1
2039.80614264149 -1
1847.19385735851 -1
1963.3258262463023 -1
2042.8061426414897 -1
2043.8061426414902 -1
1851.19385735851 -1
2045.8061426414902 -1
2046.8061426414906 -1
2047.8061426414906 -1
1855.19385735851 -1
1856.19385735851 -1
1857.19385735851 -1
2051.806142641493 -1
2052.8061426414924 -1
1860.19385735851 -1
2054.8061426414924 -1
2055.806142641492 -1
2056.806142641492 -1
2057.8061426414924 -1
2058.806142641493 -1
2059.806142641493 -1
2060.8061426414934 -1
1868.19385735851 -1
1965.0077281984213 -1
1870.19385735851 -1
2064.806142641493 -1
2065.806142641493 -1
2066.806142641493 -1
2067.806142641493 -1
1875.19385735851 -1
2069.806142641493 -1
2070.806142641493 -1
1878.19385735851 -1
2072.8061426414934 -1
2073.8061426414934 -1
2074.806142641493 -1
2075.806142641493 -1
1883.19385735851 -1
1884.19385735851 -1
1885.19385735851 -1
2079.8061426414934 -1
1887.19385735851 -1
2081.806142641494 -1
1889.19385735851 -1
1890.19385735851 -1
1891.19385735851 -1
1892.19385735851 -1
1893.19385735851 -1
2087.8061426414947 -1
2088.8061426414943 -1
1896.19385735851 -1
1897.19385735851 -1
2091.8061426414943 -1
2092.8061426414947 -1
1900.19385735851 -1
1901.19385735851 -1
1902.19385735851 -1
2096.8061426414947 -1
1996.80614264149 -1
1997.80614264149 -1
1805.19385735851 -1
1999.80614264149 -1
2000.80614264149 -1
1808.19385735851 -1
1809.19385735851 -1
1810.19385735851 -1
2004.80614264149 -1
1959.9947079366852 -1
2006.80614264149 -1
2007.80614264149 -1
2008.80614264149 -1
1816.19385735851 -1
2010.80614264149 -1
2011.80614264149 -1
2012.80614264149 -1
2013.80614264149 -1
1821.19385735851 -1
2015.80614264149 -1
1823.19385735851 -1
1824.19385735851 -1
2018.80614264149 -1
2019.80614264149 -1
2020.80614264149 -1
2021.80614264149 -1
2022.80614264149 -1
2023.80614264149 -1
1831.19385735851 -1
2025.80614264149 -1
1961.9552628399035 -1
1834.19385735851 -1
2028.80614264149 -1
1836.19385735851 -1
1837.19385735851 -1
2031.80614264149 -1
2032.80614264149 -1
2033.80614264149 -1
1841.19385735851 -1
2035.80614264149 -1
1843.19385735851 -1
1844.19385735851 -1
2038.80614264149 -1
2039.80614264149 -1
1847.19385735851 -1
1963.3258262463023 -1
2042.8061426414897 -1
2043.8061426414902 -1
1851.19385735851 -1
2045.8061426414902 -1
2046.8061426414906 -1
2047.8061426414906 -1
1855.19385735851 -1
1856.19385735851 -1
1857.19385735851 -1
2051.806142641493 -1
2052.8061426414924 -1
1860.19385735851 -1
2054.8061426414924 -1
2055.806142641492 -1
2056.806142641492 -1
2057.8061426414924 -1
2058.806142641493 -1
2059.806142641493 -1
2060.8061426414934 -1
1868.19385735851 -1
1965.0077281984213 -1
1870.19385735851 -1
2064.806142641493 -1
2065.806142641493 -1
2066.806142641493 -1
2067.806142641493 -1
1875.19385735851 -1
2069.806142641493 -1
2070.806142641493 -1
1878.19385735851 -1
2072.8061426414934 -1
2073.8061426414934 -1
2074.806142641493 -1
2075.806142641493 -1
1883.19385735851 -1
1884.19385735851 -1
1885.19385735851 -1
2079.8061426414934 -1
1887.19385735851 -1
2081.806142641494 -1
1889.19385735851 -1
1890.19385735851 -1
1891.19385735851 -1
1892.19385735851 -1
1893.19385735851 -1
2087.8061426414947 -1
2088.8061426414943 -1
1896.19385735851 -1
1897.19385735851 -1
2091.8061426414943 -1
2092.8061426414947 -1
1900.19385735851 -1
1901.19385735851 -1
1902.19385735851 -1
2096.8061426414947 -1
1915.8072252814895 -1
1916.8072252814895 -1
1886.1927747185105 -1
1918.8072252814895 -1
1919.8072252814895 -1
1886.6798873138264 -1
1887.6798873138264 -1
1891.1927747185105 -1
1923.8072252814895 -1
1890.6798873138264 -1
1891.6798873138264 -1
1926.8072252814895 -1
1893.6798873138264 -1
1897.1927747185105 -1
1929.8072252814895 -1
1930.8072252814895 -1
1931.8072252814895 -1
1932.8072252814895 -1
1902.1927747185105 -1
1934.8072252814895 -1
1904.1927747185105 -1
1902.6798873138264 -1
1937.8072252814895 -1
1938.8072252814895 -1
1939.8072252814895 -1
1940.8072252814895 -1
1941.8072252814895 -1
1942.8072252814895 -1
1909.892477637055 -1
1944.8072252814895 -1
1911.6798873138264 -1
1915.1927747185105 -1
1947.8072252814895 -1
1917.1927747185105 -1
1918.1927747185105 -1
1950.8072252814895 -1
1951.8072252814895 -1
1952.8072252814895 -1
1922.1927747185105 -1
1954.8072252814895 -1
1924.1927747185105 -1
1925.1927747185105 -1
1957.8072252814895 -1
1958.8072252814895 -1
1928.1927747185105 -1
1926.6798873138264 -1
1964.3201126861736 -1
1962.8072252814895 -1
1932.1927747185105 -1
1964.8072252814895 -1
1965.8072252814895 -1
1966.8072252814895 -1
1936.1927747185105 -1
1937.1927747185105 -1
1938.1927747185105 -1
1970.8072252814895 -1
1971.8072252814895 -1
1941.1927747185105 -1
1973.8072252814895 -1
1974.8072252814895 -1
1975.8072252814895 -1
1976.8072252814895 -1
1977.8072252814895 -1
1978.8072252814895 -1
1979.8072252814895 -1
1949.1927747185105 -1
1984.3201126861736 -1
1951.1927747185105 -1
1983.8072252814895 -1
1984.8072252814895 -1
1985.8072252814895 -1
1986.8072252814895 -1
1990.3201126861736 -1
1990.3909150299069 -1
1989.8072252814895 -1
1959.1927747185105 -1
1991.8072252814895 -1
1992.8072252814895 -1
1993.8072252814895 -1
1997.3201126861736 -1
1964.1927747185105 -1
1999.3201126861736 -1
1966.1927747185105 -1
1998.8072252814895 -1
1968.1927747185105 -1
2000.8072252814895 -1
1970.1927747185105 -1
1971.1927747185105 -1
2006.3201126861736 -1
1973.1927747185105 -1
1974.1927747185105 -1
2009.3201126861736 -1
2007.8072252814895 -1
1977.1927747185105 -1
1978.1927747185105 -1
2010.8072252814895 -1
2014.3201126861736 -1
1981.1927747185105 -1
1982.1927747185105 -1
1983.1927747185105 -1
2015.8072252814895 -1
1900.0 -1
1901.0 -1
1902.0 -1
1903.0 -1
1904.0 -1
1905.0 -1
1906.0 -1
1907.0 -1
1908.0 -1
1909.0 -1
1910.0 -1
1911.0 -1
1912.0 -1
1913.0 -1
1914.0 -1
1915.0 -1
1916.0 -1
1917.0 -1
1918.0 -1
1919.0 -1
1920.0 -1
1921.0 -1
1922.0 -1
1923.0 -1
1924.0 -1
1925.0 -1
1926.0 -1
1927.0 -1
1928.0 -1
1929.0 -1
1930.0 -1
1931.0 -1
1932.0 -1
1933.0 -1
1934.0 -1
1935.0 -1
1936.0 -1
1937.0 -1
1938.0 -1
1939.0 -1
1940.0 -1
1941.0 -1
1942.0 -1
1943.0 -1
1944.0 -1
1945.0 -1
1946.0 -1
1947.0 -1
1948.0 -1
1949.0 -1
1950.0 -1
1951.0 -1
1952.0 -1
1953.0 -1
1954.0 -1
1955.0 -1
1956.0 -1
1957.0 -1
1958.0 -1
1959.0 -1
1960.0 -1
1961.0 -1
1962.0 -1
1963.0 -1
1964.0 -1
1965.0 -1
1966.0 -1
1967.0 -1
1968.0 -1
1969.0 -1
1970.0 -1
1971.0 -1
1972.0 -1
1973.0 -1
1974.0 -1
1975.0 -1
1976.0 -1
1977.0 -1
1978.0 -1
1979.0 -1
1980.0 -1
1981.0 -1
1982.0 -1
1983.0 -1
1984.0 -1
1985.0 -1
1986.0 -1
1987.0 -1
1988.0 -1
1989.0 -1
1990.0 -1
1991.0 -1
1992.0 -1
1993.0 -1
1994.0 -1
1995.0 -1
1996.0 -1
1997.0 -1
1998.0 -1
1999.0 -1
2000.0 -1
1900.0 -1
1901.0 -1
1902.0 -1
1903.0 -1
1904.0 -1
1905.0 -1
1906.0 -1
1907.0 -1
1908.0 -1
1909.0 -1
1910.0 -1
1911.0 -1
1912.0 -1
1913.0 -1
1914.0 -1
1915.0 -1
1916.0 -1
1917.0 -1
1918.0 -1
1919.0 -1
1920.0 -1
1921.0 -1
1922.0 -1
1923.0 -1
1924.0 -1
1925.0 -1
1926.0 -1
1927.0 -1
1928.0 -1
1929.0 -1
1930.0 -1
1931.0 -1
1932.0 -1
1933.0 -1
1934.0 -1
1935.0 -1
1936.0 -1
1937.0 -1
1938.0 -1
1939.0 -1
1940.0 -1
1941.0 -1
1942.0 -1
1943.0 -1
1944.0 -1
1945.0 -1
1946.0 -1
1947.0 -1
1948.0 -1
1949.0 -1
1950.0 -1
1951.0 -1
1952.0 -1
1953.0 -1
1954.0 -1
1955.0 -1
1956.0 -1
1957.0 -1
1958.0 -1
1959.0 -1
1960.0 -1
1961.0 -1
1962.0 -1
1963.0 -1
1964.0 -1
1965.0 -1
1966.0 -1
1967.0 -1
1968.0 -1
1969.0 -1
1970.0 -1
1971.0 -1
1972.0 -1
1973.0 -1
1974.0 -1
1975.0 -1
1976.0 -1
1977.0 -1
1978.0 -1
1979.0 -1
1980.0 -1
1981.0 -1
1982.0 -1
1983.0 -1
1984.0 -1
1985.0 -1
1986.0 -1
1987.0 -1
1988.0 -1
1989.0 -1
1990.0 -1
1991.0 -1
1992.0 -1
1993.0 -1
1994.0 -1
1995.0 -1
1996.0 -1
1997.0 -1
1998.0 -1
1999.0 -1
2000.0 -1
1900.0 -1
1901.0 -1
1902.0 -1
1903.0 -1
1904.0 -1
1905.0 -1
1906.0 -1
1907.0 -1
1908.0 -1
1909.0 -1
1910.0 -1
1911.0 -1
1912.0 -1
1913.0 -1
1914.0 -1
1915.0 -1
1916.0 -1
1917.0 -1
1918.0 -1
1919.0 -1
1920.0 -1
1921.0 -1
1922.0 -1
1923.0 -1
1924.0 -1
1925.0 -1
1926.0 -1
1927.0 -1
1928.0 -1
1929.0 -1
1930.0 -1
1931.0 -1
1932.0 -1
1933.0 -1
1934.0 -1
1935.0 -1
1936.0 -1
1937.0 -1
1938.0 -1
1939.0 -1
1940.0 -1
1941.0 -1
1942.0 -1
1943.0 -1
1944.0 -1
1945.0 -1
1946.0 -1
1947.0 -1
1948.0 -1
1949.0 -1
1950.0 -1
1951.0 -1
1952.0 -1
1953.0 -1
1954.0 -1
1955.0 -1
1956.0 -1
1957.0 -1
1958.0 -1
1959.0 -1
1960.0 -1
1961.0 -1
1962.0 -1
1963.0 -1
1964.0 -1
1965.0 -1
1966.0 -1
1967.0 -1
1968.0 -1
1969.0 -1
1970.0 -1
1971.0 -1
1972.0 -1
1973.0 -1
1974.0 -1
1975.0 -1
1976.0 -1
1977.0 -1
1978.0 -1
1979.0 -1
1980.0 -1
1981.0 -1
1982.0 -1
1983.0 -1
1984.0 -1
1985.0 -1
1986.0 -1
1987.0 -1
1988.0 -1
1989.0 -1
1990.0 -1
1991.0 -1
1992.0 -1
1993.0 -1
1994.0 -1
1995.0 -1
1996.0 -1
1997.0 -1
1998.0 -1
1999.0 -1
2000.0 -1
