 0.997648789643205 0.0023512103567950734
 0.24127593493796248 0.7587240650620374
 0.9976544811250183 0.0023455188749815885
 0.28087194686467676 0.7191280531353231
 0.997648789643205 0.0023512103567950734
 0.24127593493796248 0.7587240650620374
 0.9947731956442544 0.005226804355745537
 0.2508961581794966 0.7491038418205034
 0.997648789643205 0.0023512103567950734
 0.24127593493796248 0.7587240650620374
 0.9947731956442544 0.005226804355745537
 0.2508961581794966 0.7491038418205034
 0.9971679113719342 0.0028320886280658463
 0.26232515239214804 0.737674847607852
 0.9973414716027124 0.0026585283972876276
 0.2736951333977445 0.7263048666022556
 0.9951918972600079 0.00480810273999222
 0.274586920583391 0.7254130794166089
 0.9925571165466857 0.007442883453314324
 0.2767293767462997 0.7232706232537002
 0.9957760979608399 0.004223902039160055
 0.28703400562576253 0.7129659943742375
 0.9972751299668795 0.002724870033120306
 0.2746920089366153 0.7253079910633845
 0.9953834376764957 0.004616562323504155
 0.26832046331864057 0.7316795366813594
 0.9954631621141409 0.004536837885858998
 0.27424357297532603 0.725756427024674
 0.9948301265025176 0.005169873497482176
 0.2579882665138205 0.7420117334861794
 0.9933989650082776 0.006601034991722455
 0.264449591816046 0.7355504081839541
 0.9939323234031329 0.006067676596867398
 0.26842578815927143 0.7315742118407287
 0.9957527026213889 0.004247297378610927
 0.2667055452465869 0.733294454753413
 0.9945253883295927 0.00547461167040717
 0.2617254634096851 0.738274536590315
 0.9967118284722416 0.0032881715277585334
 0.2667973434559221 0.7332026565440779
 0.9968586665733726 0.003141333426627406
 0.27163969070146254 0.7283603092985376
 0.996757501821153 0.003242498178846943
 0.26984666058943324 0.7301533394105666
 0.9966138151649593 0.0033861848350410623
 0.26774378058438797 0.7322562194156121
 0.9965171044034921 0.003482895596507831
 0.26680891193589545 0.7331910880641046
 0.9936309956977512 0.006369004302248869
 0.2545497290880647 0.7454502709119354
 0.995216210441366 0.00478378955863396
 0.2646179308244467 0.7353820691755534
 0.9962164368713221 0.003783563128677812
 0.26990883740864724 0.7300911625913526
 0.9957564579053043 0.004243542094695445
 0.27113560036014955 0.7288643996398504
 0.9968134824627705 0.003186517537229522
 0.26522002315351906 0.734779976846481
 0.9972049629952678 0.002795037004732421
 0.2743708501183374 0.7256291498816627
 0.9961990931113844 0.0038009068886155715
 0.27035102242652137 0.7296489775734787
 0.9966891524177626 0.0033108475822372914
 0.2748399316580858 0.7251600683419142
 0.9962405385792427 0.00375946142075717
 0.27507997034184706 0.7249200296581527
 0.9949308419711261 0.005069158028873816
 0.27460193243671177 0.7253980675632881
 0.9947694154883642 0.005230584511635634
 0.27521353965523754 0.7247864603447624
 0.9969520931082935 0.0030479068917066837
 0.2784416779147187 0.7215583220852814
 0.9958937281408824 0.0041062718591175495
 0.2791686907900719 0.7208313092099281
 0.9960815370753053 0.003918462924694613
 0.2827669928702382 0.7172330071297618
 0.9938597689619981 0.006140231038001729
 0.27528131469555045 0.7247186853044494
 0.9962546695130815 0.0037453304869184637
 0.283878829733378 0.716121170266622
 0.9921279299488726 0.007872070051127575
 0.28004314782863843 0.7199568521713618
 0.9968637745036337 0.0031362254963661737
 0.27427902769274776 0.7257209723072522
 0.9920926427415707 0.007907357258429313
 0.2789197136156619 0.7210802863843381
 0.9956915085699017 0.004308491430098179
 0.2809312255525783 0.7190687744474217
 0.9951349568798291 0.004865043120170801
 0.2832928662780806 0.7167071337219194
 0.9930289661338729 0.006971033866127157
 0.2747901184689067 0.7252098815310932
 0.9926307306741992 0.007369269325800619
 0.2755002335245522 0.7244997664754477
 0.9953184804146958 0.004681519585304071
 0.2779811291507961 0.722018870849204
 0.9954101077981017 0.004589892201898178
 0.27428272233390677 0.7257172776660933
 0.9950611063854078 0.004938893614592022
 0.27696011800625003 0.7230398819937499
 0.996375302604571 0.0036246973954291457
 0.2756941365750564 0.7243058634249436
 0.9938090930370513 0.006190906962948715
 0.2797967706446348 0.7202032293553654
 0.9961779783007216 0.0038220216992784157
 0.2800860547485254 0.7199139452514747
 0.9937416565204396 0.006258343479560525
 0.2792253844853155 0.7207746155146845
 0.9937576713824404 0.006242328617559501
 0.2798676350932485 0.7201323649067515
 0.9959696285946283 0.004030371405371472
 0.2823008488449508 0.717699151155049
 0.9962496404789911 0.0037503595210089022
 0.28794893554803336 0.7120510644519665
 0.9962000085303782 0.003799991469622028
 0.2899892995448563 0.7100107004551437
 0.9958992948126996 0.004100705187300468
 0.288340581479386 0.711659418520614
 0.9915464438763983 0.008453556123601531
 0.28084874253214437 0.7191512574678557
 0.9957747163451922 0.0042252836548077625
 0.28599280158094187 0.7140071984190581
 0.9958706620840431 0.004129337915957099
 0.296534308509168 0.7034656914908322
 0.9961508411117199 0.003849158888280049
 0.2897844978692054 0.7102155021307944
 0.9934287640499629 0.006571235950037152
 0.2863323813178743 0.7136676186821259
 0.9959747655585721 0.004025234441427843
 0.27466457625436164 0.7253354237456384
 0.9931856013935628 0.006814398606437047
 0.28630345891384557 0.7136965410861544
 0.9963965054604371 0.0036034945395628697
 0.2781733204088539 0.7218266795911461
 0.9953850822832072 0.004614917716793109
 0.2971319101002006 0.7028680898997994
 0.9957221882762703 0.004277811723729755
 0.2982258522345376 0.7017741477654625
 0.990189481851537 0.00981051814846282
 0.293362209186073 0.7066377908139269
 0.995950993174558 0.004049006825441823
 0.28156594432594845 0.7184340556740515
 0.9956788394744331 0.004321160525566722
 0.30240608830569904 0.6975939116943007
 0.9956658990064292 0.004334100993570758
 0.30209590966875105 0.6979040903312489
 0.9957761283900989 0.004223871609901094
 0.30138599725230986 0.6986140027476899
 0.9943402169931718 0.005659783006828257
 0.30031053678713965 0.6996894632128604
 0.9946435943782902 0.0053564056217096125
 0.2556045002959052 0.7443954997040946
 0.9962564196266549 0.003743580373344993
 0.2512902152696815 0.7487097847303186
 0.9926835358328852 0.0073164641671149494
 0.24762076402389754 0.7523792359761025
 0.9941013094850546 0.005898690514945426
 0.25169201985452216 0.7483079801454777
 0.997032038339011 0.0029679616609890854
 0.24749678486075144 0.7525032151392486
 0.9957097636962782 0.004290236303721827
 0.29500750645124657 0.7049924935487535
 0.9953680885083986 0.00463191149160139
 0.28954972121237627 0.7104502787876238
 0.9955455646532245 0.0044544353467755125
 0.25332470092810566 0.7466752990718944
 0.9967474162196021 0.003252583780397953
 0.24714214996452982 0.7528578500354702
 0.9943556088881117 0.005644391111888323
 0.3014670502553079 0.698532949744692
 0.9952333327344272 0.004766667265573124
 0.2549660666052531 0.7450339333947471
 0.9966329593829446 0.0033670406170551196
 0.24711208381468183 0.752887916185318
 0.9961084889022646 0.0038915110977355612
 0.2893363456786046 0.7106636543213953
 0.9962494923885574 0.00375050761144274
 0.29012979730505034 0.7098702026949498
 0.9960933541358044 0.003906645864195564
 0.2906328532936307 0.7093671467063691
 0.9946583814993787 0.005341618500621316
 0.29237083929824365 0.7076291607017564
 0.9954186780467696 0.004581321953230455
 0.2522090454683472 0.7477909545316527
 0.9965678661560781 0.0034321338439219353
 0.2423958185720451 0.7576041814279549
 0.9958774697769577 0.004122530223042418
 0.30068373422911326 0.6993162657708868
 0.9949541084421393 0.005045891557860656
 0.29138501339122214 0.708614986608778
 0.9961128513220859 0.0038871486779141146
 0.2500810029205101 0.74991899707949
 0.9950257022331055 0.004974297766894606
 0.2991223247659908 0.7008776752340091
 0.9961236623456597 0.003876337654340361
 0.25096635289411756 0.7490336471058825
 0.9947759168995449 0.005224083100455061
 0.29740420520114724 0.7025957947988526
 0.9959613158911177 0.004038684108882269
 0.24907141353782516 0.7509285864621749
 0.9942680451215454 0.0057319548784545175
 0.2993728914996413 0.7006271085003585
 0.9963293789264371 0.0036706210735630066
 0.24785678625315288 0.7521432137468472
 0.9949954575107207 0.005004542489279333
 0.2987252297968612 0.701274770203139
 0.9961743311352195 0.0038256688647804295
 0.24655154405428165 0.7534484559457184
 0.997648789643205 0.0023512103567950734
 0.24127593493796248 0.7587240650620374
 0.9947731956442544 0.005226804355745537
 0.2508961581794966 0.7491038418205034
 0.9971679113719342 0.0028320886280658463
 0.26232515239214804 0.737674847607852
 0.9973414716027124 0.0026585283972876276
 0.2736951333977445 0.7263048666022556
 0.9951918972600079 0.00480810273999222
 0.274586920583391 0.7254130794166089
 0.9925571165466857 0.007442883453314324
 0.2767293767462997 0.7232706232537002
 0.9957760979608399 0.004223902039160055
 0.28703400562576253 0.7129659943742375
 0.9972751299668795 0.002724870033120306
 0.2746920089366153 0.7253079910633845
 0.9962844197431469 0.003715580256853076
 0.2674694644708219 0.7325305355291781
 0.9970493819488484 0.0029506180511516896
 0.26108807045527527 0.7389119295447247
 0.992857605216528 0.007142394783471986
 0.2789382721407802 0.7210617278592198
 0.9962392937801777 0.003760706219822115
 0.27202731651136114 0.7279726834886387
 0.9963222707026161 0.0036777292973839523
 0.26916876036255655 0.7308312396374437
 0.9972940208349127 0.002705979165086999
 0.277562948629495 0.7224370513705048
 0.997287065413776 0.002712934586224059
 0.26659186352908026 0.7334081364709197
 0.9969605646120228 0.003039435387977118
 0.272256917624932 0.7277430823750678
 0.9968729974150223 0.003127002584977518
 0.2687300373957133 0.7312699626042868
 0.9961261452037391 0.0038738547962611893
 0.2698026357802909 0.7301973642197093
 0.9972135205655489 0.0027864794344510686
 0.275273506844146 0.724726493155854
 0.9939031277494824 0.006096872250517626
 0.2748136214953479 0.7251863785046521
 0.9968231503162921 0.00317684968370816
 0.27092798101278165 0.7290720189872185
 0.9944010799671036 0.005598920032896348
 0.2618534120470225 0.7381465879529774
 0.9969907365296993 0.0030092634703006715
 0.2652108392457572 0.7347891607542428
 0.995713602592284 0.004286397407715745
 0.2631469912372889 0.736853008762711
 0.994790842533714 0.005209157466286012
 0.2625373834898648 0.7374626165101351
 0.9970439856613857 0.0029560143386141457
 0.26326945160134335 0.7367305483986567
 0.9937859861218044 0.006214013878195488
 0.2678111691822663 0.7321888308177337
 0.9968465195880112 0.00315348041198884
 0.26600792718504795 0.7339920728149522
 0.9938652544932305 0.0061347455067695105
 0.2559727796866124 0.7440272203133875
 0.9943103743168978 0.005689625683102284
 0.2602414880538683 0.7397585119461317
 0.9965804937676092 0.003419506232390807
 0.2631161193265532 0.7368838806734468
 0.9963092333336743 0.0036907666663256442
 0.2823099569654076 0.7176900430345924
 0.9950693146168416 0.004930685383158668
 0.2791268867289288 0.7208731132710713
 0.9952968549533466 0.004703145046653354
 0.2672148525006096 0.7327851474993906
 0.9962783808521345 0.0037216191478655226
 0.26207619082217376 0.7379238091778263
 0.9962856522146016 0.003714347785398426
 0.25792842773484514 0.7420715722651549
 0.9915607408688897 0.00843925913111025
 0.2723946302080893 0.7276053697919106
 0.9932395470432732 0.006760452956726459
 0.2704193902853937 0.7295806097146061
 0.996271316792631 0.003728683207368949
 0.2805062958547495 0.7194937041452505
 0.9958032143817842 0.004196785618215976
 0.2820784826729836 0.7179215173270164
 0.9962080684562572 0.0037919315437430568
 0.2689070150400469 0.7310929849599532
 0.9947102200330195 0.005289779966980333
 0.2795129381331596 0.7204870618668402
 0.9962535207134101 0.003746479286589815
 0.2834748361186692 0.7165251638813308
 0.9958702442523255 0.00412975574767454
 0.27305134769142986 0.7269486523085702
 0.995997853521649 0.004002146478351086
 0.26225257840443394 0.7377474215955659
 0.9962295441227246 0.003770455877275569
 0.2801758291048467 0.7198241708951533
 0.9959003775992509 0.0040996224007493086
 0.2786991453699312 0.7213008546300689
 0.9954331914206513 0.004566808579348665
 0.26255778806470736 0.7374422119352927
 0.9921625151167062 0.00783748488329375
 0.2797500505146257 0.7202499494853744
 0.9936929380939235 0.006307061906076696
 0.2824806404691287 0.7175193595308714
 0.995250558227203 0.00474944177279675
 0.2792313875637546 0.7207686124362452
 0.9955984355514158 0.004401564448584008
 0.2813748283114525 0.7186251716885473
 0.9913035804304199 0.00869641956957993
 0.28506616967102405 0.7149338303289761
 0.9951936658710425 0.004806334128957301
 0.24855197775665505 0.7514480222433448
 0.9953516677752771 0.0046483322247230525
 0.26912841400250487 0.730871585997495
 0.995052361060886 0.0049476389391139896
 0.27205018446617785 0.7279498155338222
 0.9966830200201702 0.0033169799798300095
 0.278711912679935 0.7212880873200651
 0.9954276470060498 0.004572352993950383
 0.29123529991143154 0.7087647000885686
 0.9967749025679947 0.0032250974320051015
 0.2841982597631082 0.7158017402368919
 0.9952750026334637 0.004724997366536298
 0.2847300454012902 0.7152699545987096
 0.9948786111265108 0.005121388873489263
 0.2906805762824952 0.7093194237175048
 0.9919420867194838 0.008057913280516188
 0.27582815818032863 0.7241718418196713
 0.9937632255828288 0.006236774417171189
 0.27765601529466766 0.7223439847053322
 0.9953732414488455 0.004626758551154635
 0.27851650182318943 0.7214834981768107
 0.995704485993524 0.004295514006475867
 0.2667052715960767 0.7332947284039231
 0.996400643397671 0.003599356602328967
 0.26514344764156 0.73485655235844
 0.9957500226684913 0.004249977331508508
 0.29144165166574026 0.7085583483342598
 0.9930312302168007 0.006968769783199237
 0.29007217814078984 0.7099278218592101
 0.9963258585191804 0.003674141480819283
 0.2802507132542054 0.7197492867457944
 0.9958445728924956 0.004155427107504416
 0.28814606386951397 0.711853936130486
 0.9912380260854992 0.008761973914500912
 0.2821427261944705 0.7178572738055295
 0.9940614283855425 0.0059385716144575666
 0.2721508693646619 0.7278491306353383
 0.9949486615202847 0.0050513384797152725
 0.26597020344120437 0.7340297965587957
 0.9956080517936124 0.004391948206387444
 0.25596863255863117 0.7440313674413689
 0.9964874088534617 0.003512591146538141
 0.25453332850513716 0.7454666714948628
 0.9927320765105558 0.007267923489444185
 0.29580347403039736 0.7041965259696026
 0.9939640407406348 0.006035959259365324
 0.27297421295436214 0.727025787045638
 0.995479815488315 0.004520184511684937
 0.26433878806159183 0.735661211938408
 0.9955632144081886 0.00443678559181138
 0.25360223372896007 0.7463977662710398
 0.9956303152686239 0.004369684731376318
 0.25110311464303275 0.7488968853569673
 0.9957369883737713 0.004263011626228526
 0.24937778340701205 0.750622216592988
 0.9964647375960107 0.003535262403989306
 0.250538725339845 0.7494612746601551
 0.9952290616509133 0.004770938349086774
 0.30100041705866115 0.6989995829413389
 0.9923808620114858 0.007619137988514085
 0.2988072873420057 0.7011927126579943
 0.9964118934329054 0.003588106567094424
 0.2672279955298856 0.7327720044701143
 0.9950782229216076 0.004921777078392274
 0.3008230495099533 0.6991769504900467
 0.9960377831958352 0.003962216804165044
 0.3011779365604583 0.6988220634395418
 0.995149799893324 0.00485020010667608
 0.2988671309522128 0.7011328690477872
 0.9959698211947614 0.004030178805238519
 0.25663808520355647 0.7433619147964435
 0.9957283443467074 0.004271655653292587
 0.24737485006244184 0.7526251499375582
 0.995214079419089 0.004785920580911127
 0.24447143223924722 0.755528567760753
 0.9964243238543449 0.003575676145655111
 0.24474398990339324 0.7552560100966067
 0.9944494679595159 0.005550532040484038
 0.24295934842660996 0.7570406515733901
 0.9962686286939356 0.0037313713060644297
 0.24358880597109517 0.756411194028905
 0.9962896330955742 0.0037103669044257935
 0.24502584875821326 0.7549741512417867
 0.9967415495035186 0.003258450496481383
 0.24473146966874315 0.7552685303312568
 0.9959258751439242 0.004074124856075846
 0.2956685560125907 0.7043314439874094
 0.9961794598068567 0.0038205401931432127
 0.2890430564857373 0.7109569435142626
 0.9908102881684815 0.00918971183151855
 0.2844822976445414 0.7155177023554586
 0.9946659002112419 0.0053340997887579115
 0.26288426161221623 0.7371157383877837
 0.997648789643205 0.0023512103567950734
 0.24127593493796248 0.7587240650620374
 0.9947731956442544 0.005226804355745537
 0.2508961581794966 0.7491038418205034
 0.9971679113719342 0.0028320886280658463
 0.26232515239214804 0.737674847607852
 0.9973414716027124 0.0026585283972876276
 0.2736951333977445 0.7263048666022556
 0.9951918972600079 0.00480810273999222
 0.274586920583391 0.7254130794166089
 0.9925571165466857 0.007442883453314324
 0.2767293767462997 0.7232706232537002
 0.9957760979608399 0.004223902039160055
 0.28703400562576253 0.7129659943742375
 0.9972751299668795 0.002724870033120306
 0.2746920089366153 0.7253079910633845
 0.9939109067652727 0.006089093234727141
 0.2777287401619721 0.7222712598380279
 0.997098084539954 0.002901915460046161
 0.29052559788579335 0.7094744021142066
 0.9957900918325017 0.004209908167498463
 0.280087506556591 0.719912493443409
 0.9948994864972535 0.005100513502746668
 0.264001070659287 0.7359989293407132
 0.9968920798539924 0.0031079201460074576
 0.26170761086598854 0.7382923891340115
 0.9930927246241995 0.0069072753758003345
 0.270988197923716 0.729011802076284
 0.9969473802465341 0.0030526197534658066
 0.26969371528644254 0.7303062847135574
 0.9960267205979699 0.003973279402030214
 0.27488203728313987 0.72511796271686
 0.9929069197675148 0.0070930802324851785
 0.27079141557049413 0.729208584429506
 0.9961892304546881 0.0038107695453120645
 0.2690385366938904 0.7309614633061099
 0.994706108327889 0.005293891672111027
 0.27103063992056875 0.7289693600794311
 0.9939555757463402 0.006044424253659947
 0.2647640399008996 0.7352359600991003
 0.9940023056836854 0.005997694316314585
 0.2691890862651144 0.7308109137348856
 0.9940842933466343 0.005915706653365696
 0.2641676827454628 0.7358323172545372
 0.9967166741479029 0.0032833258520972106
 0.27053024805403403 0.729469751945966
 0.996651783586299 0.0033482164137010814
 0.26846262993767867 0.7315373700623216
 0.9963723998720917 0.0036276001279083804
 0.2725130405328563 0.7274869594671438
 0.9963805320834976 0.0036194679165024736
 0.2731377699646611 0.7268622300353388
 0.9935002306142762 0.006499769385723872
 0.2733383653601906 0.7266616346398095
 0.9934285151587203 0.006571484841279646
 0.27499553571676627 0.7250044642832337
 0.9932972985399229 0.00670270146007713
 0.2609702861674642 0.7390297138325358
 0.9950250608321404 0.004974939167859838
 0.25833280547605 0.7416671945239502
 0.9959661914632958 0.004033808536704216
 0.27335350738055836 0.7266464926194417
 0.9958440510278461 0.00415594897215374
 0.27114219938511525 0.7288578006148849
 0.9958194260932532 0.004180573906746759
 0.26869757609225536 0.7313024239077449
 0.995777273804133 0.004222726195867123
 0.2715263198569679 0.7284736801430322
 0.996067935285861 0.003932064714139065
 0.2712204595647461 0.7287795404352538
 0.9923286165613565 0.007671383438643475
 0.27427332439891844 0.7257266756010816
 0.996480143647591 0.0035198563524088977
 0.28227410533267044 0.7177258946673295
 0.9956928379985625 0.004307162001437508
 0.2750213367289812 0.7249786632710186
 0.9954016132561769 0.004598386743823252
 0.2672010056092544 0.7327989943907457
 0.9969345908207302 0.003065409179269803
 0.2655600574184482 0.7344399425815519
 0.9958544833750657 0.0041455166249342555
 0.2793399153152333 0.7206600846847666
 0.9922078843144657 0.007792115685534269
 0.278648482085047 0.7213515179149529
 0.9955820656795389 0.004417934320461053
 0.27775321962846516 0.7222467803715349
 0.9965643974411075 0.0034356025588924127
 0.28519422009209616 0.7148057799079037
 0.9962517342907051 0.0037482657092947607
 0.28515195761277434 0.7148480423872257
 0.9958417076392682 0.004158292360731728
 0.28522240919566044 0.7147775908043396
 0.992218445998229 0.00778155400177116
 0.2805116550533476 0.7194883449466525
 0.9957559979307363 0.004244002069263795
 0.2843218185077783 0.7156781814922216
 0.9922102007965412 0.007789799203458714
 0.2829420237694257 0.7170579762305744
 0.9950591817990352 0.004940818200964829
 0.282746593707831 0.7172534062921689
 0.9923202133392905 0.0076797866607093935
 0.2794976592780008 0.7205023407219993
 0.9950367252549969 0.004963274745003212
 0.2840672080835686 0.7159327919164312
 0.9962936630153373 0.003706336984662825
 0.28095776918524595 0.719042230814754
 0.9950153958709876 0.004984604129012309
 0.2808918929132028 0.719108107086797
 0.99510427978979 0.004895720210210051
 0.28076487249767285 0.7192351275023272
 0.9953802011663816 0.004619798833618474
 0.27879493708812847 0.7212050629118717
 0.9963389269737255 0.003661073026274595
 0.2835612969656663 0.7164387030343337
 0.9963253011943562 0.0036746988056436
 0.28031939853029286 0.7196806014697071
 0.9962562110860821 0.0037437889139177697
 0.2840008192553372 0.7159991807446627
 0.9921670861462186 0.007832913853781213
 0.2778648372366586 0.7221351627633414
 0.996355434000041 0.003644565999959191
 0.280196754625856 0.7198032453741441
 0.9962697200731668 0.0037302799268329684
 0.279593877668458 0.7204061223315418
 0.9962702633286178 0.0037297366713821365
 0.28116555658105924 0.7188344434189406
 0.9962006622507238 0.0037993377492760946
 0.28057590336659727 0.7194240966334028
 0.9940168451766467 0.005983154823353391
 0.2788202321918526 0.7211797678081473
 0.9962142529711981 0.003785747028801913
 0.2792775316301352 0.7207224683698648
 0.9960918093722426 0.003908190627757278
 0.28715197662300385 0.7128480233769962
 0.993563136042095 0.006436863957905093
 0.2841080647119781 0.715891935288022
 0.9963172323187669 0.003682767681233036
 0.2842967889361533 0.7157032110638466
 0.9961165978387303 0.003883402161269759
 0.2827774056404898 0.7172225943595102
 0.9954356990235461 0.0045643009764540264
 0.2852810551901466 0.7147189448098537
 0.9952618875767615 0.004738112423238674
 0.28957905466852596 0.7104209453314742
 0.9933515633390012 0.00664843666099885
 0.2887697014046726 0.7112302985953273
 0.9917326117822464 0.008267388217753576
 0.2795396888268178 0.7204603111731822
 0.9946640313873436 0.005335968612656414
 0.2855248041072865 0.7144751958927136
 0.9950135301984118 0.004986469801588299
 0.2784941626827513 0.7215058373172486
 0.9960892538027977 0.0039107461972025
 0.2697853732823199 0.7302146267176801
 0.9931543596801873 0.006845640319812867
 0.2927292844326473 0.7072707155673528
 0.9962401204859417 0.0037598795140584046
 0.2866110776079497 0.7133889223920503
 0.9950507825212385 0.0049492174787617174
 0.29174741401273996 0.7082525859872602
 0.9965047879255619 0.0034952120744379885
 0.27198786415458254 0.7280121358454176
 0.9960559081582978 0.003944091841702181
 0.29049890809469703 0.7095010919053029
 0.9932746138796799 0.006725386120320271
 0.28948244330931744 0.7105175566906826
 0.9936879262341337 0.006312073765866313
 0.2802830396887369 0.7197169603112631
 0.9955973376173844 0.004402662382615706
 0.27942288272638643 0.7205771172736137
 0.9904710295927155 0.009528970407284284
 0.29223553130225954 0.7077644686977403
 0.9912737138641438 0.008726286135856189
 0.281987570838159 0.718012429161841
 0.9952494512314419 0.004750548768558113
 0.28364692421440946 0.7163530757855905
 0.9947268410490268 0.005273158950973161
 0.2572089792538647 0.7427910207461352
 0.9959085730397447 0.00409142696025541
 0.2534644917149732 0.7465355082850268
 0.9959818831901757 0.004018116809824296
 0.2534529725651118 0.7465470274348882
 0.9964914282772669 0.0035085717227333
 0.25408913257204635 0.7459108674279539
 0.9953823040092785 0.004617695990721501
 0.30136513560116585 0.698634864398834
 0.9905059106122883 0.009494089387711862
 0.2943485775780354 0.7056514224219647
 0.9952994209652646 0.004700579034735389
 0.2829726063743274 0.7170273936256726
 0.99658525467067 0.003414745329330022
 0.2575494863326229 0.742450513667377
 0.9942741744962523 0.0057258255037475215
 0.2978801880601586 0.7021198119398413
 0.9961478339822918 0.003852166017708054
 0.26872659373669866 0.7312734062633012
 0.9946251553540575 0.005374844645942667
 0.30071356704061797 0.6992864329593821
 0.9947000141272757 0.005299985872724311
 0.25829038366079987 0.7417096163392
 0.997648789643205 0.0023512103567950734
 0.24127593493796248 0.7587240650620374
 0.9947731956442544 0.005226804355745537
 0.2508961581794966 0.7491038418205034
 0.9971679113719342 0.0028320886280658463
 0.26232515239214804 0.737674847607852
 0.9973414716027124 0.0026585283972876276
 0.2736951333977445 0.7263048666022556
 0.9951918972600079 0.00480810273999222
 0.274586920583391 0.7254130794166089
 0.9925571165466857 0.007442883453314324
 0.2767293767462997 0.7232706232537002
 0.9957760979608399 0.004223902039160055
 0.28703400562576253 0.7129659943742375
 0.9972751299668795 0.002724870033120306
 0.2746920089366153 0.7253079910633845
 0.9964668461487893 0.0035331538512108933
 0.2759952780870036 0.7240047219129965
 0.9950244956333201 0.00497550436667986
 0.28142005877674686 0.718579941223253
 0.9949053985680434 0.005094601431956565
 0.26777042062514755 0.7322295793748524
 0.9965874258166109 0.003412574183388976
 0.2642462657530461 0.7357537342469539
 0.9966917989597818 0.003308201040218236
 0.2638247947312577 0.7361752052687422
 0.9972789238302169 0.0027210761697831873
 0.2666648761676674 0.7333351238323327
 0.9969436930833604 0.003056306916639549
 0.279117810074831 0.720882189925169
 0.9968809243447366 0.0031190756552634366
 0.2690601149738189 0.7309398850261812
 0.9946627592423889 0.005337240757611065
 0.26502180305504447 0.7349781969449556
 0.9968788865699404 0.003121113430059381
 0.2649400537692944 0.7350599462307054
 0.9945886194995971 0.005411380500402899
 0.268354759307481 0.7316452406925189
 0.9951662954300767 0.004833704569923343
 0.26723815556815794 0.7327618444318422
 0.9959588290331317 0.004041170966868325
 0.25878239924468444 0.7412176007553155
 0.997177313539938 0.002822686460062247
 0.2654572288420508 0.7345427711579493
 0.9963833618123447 0.00361663818765527
 0.2685676365081822 0.7314323634918176
 0.9963593295148772 0.0036406704851231274
 0.2751359603744719 0.7248640396255283
 0.9950043289980757 0.004995671001924371
 0.26684014068616124 0.7331598593138389
 0.9950337690950826 0.004966230904917241
 0.26225902822084596 0.7377409717791539
 0.9975182941010396 0.0024817058989602607
 0.2599955832294254 0.7400044167705745
 0.9930560518662581 0.006943948133741897
 0.2615054343806404 0.7384945656193596
 0.9972985140862654 0.0027014859137345745
 0.2685340841349899 0.7314659158650101
 0.9929509090656253 0.007049090934374676
 0.26272829612269155 0.7372717038773084
 0.9972456603074827 0.0027543396925172646
 0.2649207852440369 0.7350792147559632
 0.9969401165629583 0.003059883437041592
 0.26880395757793435 0.7311960424220657
 0.9950454297779155 0.004954570222084416
 0.2659805335495489 0.734019466450451
 0.9964093777186281 0.00359062228137188
 0.2651534042541918 0.7348465957458082
 0.996590801153833 0.0034091988461669594
 0.26567500181920023 0.7343249981807998
 0.9977569049876002 0.0022430950123997827
 0.2659680440173644 0.7340319559826356
 0.9963630008609176 0.0036369991390825846
 0.2650778486852041 0.7349221513147961
 0.9976578559435402 0.0023421440564595193
 0.2649737997298307 0.7350262002701692
 0.9931117301623303 0.006888269837669691
 0.2601777199228346 0.7398222800771654
 0.997689505572776 0.0023104944272243078
 0.26630045320875007 0.73369954679125
 0.992826714900695 0.007173285099304986
 0.26086935580681814 0.7391306441931819
 0.9949999404663974 0.005000059533602554
 0.2620865313143712 0.7379134686856288
 0.9925420866162075 0.007457913383792565
 0.2604489031252383 0.7395510968747617
 0.997253023427236 0.0027469765727639183
 0.2654851912030373 0.7345148087969627
 0.9922590484668283 0.00774095153317163
 0.2649842786994494 0.7350157213005506
 0.9963015925006521 0.0036984074993478633
 0.2663630364529732 0.7336369635470269
 0.9942448873745812 0.005755112625419014
 0.2642814048162321 0.7357185951837679
 0.9942805053527615 0.005719494647238392
 0.26232901444957824 0.7376709855504218
 0.9942826428197173 0.005717357180282746
 0.26373135919902885 0.7362686408009712
 0.9940340745299516 0.005965925470048278
 0.2623139103759343 0.7376860896240657
 0.9946811514697291 0.0053188485302710425
 0.2639932605387321 0.7360067394612679
 0.9971058693767647 0.002894130623235211
 0.2711421601507635 0.7288578398492366
 0.9972940360913951 0.0027059639086047123
 0.2712613085345767 0.7287386914654232
 0.9973964376351923 0.0026035623648078534
 0.2724020685248463 0.727597931475154
 0.9970463469124557 0.00295365308754399
 0.27192531019604604 0.7280746898039537
 0.9965617562710913 0.0034382437289086332
 0.27034995039473536 0.7296500496052646
 0.9961883111367399 0.00381168886325999
 0.27013423681032495 0.7298657631896749
 0.9972919059759077 0.0027080940240923656
 0.2666592564174312 0.7333407435825686
 0.9974739963386029 0.00252600366139722
 0.26924148959928895 0.730758510400711
 0.9973243832891107 0.002675616710889269
 0.2699408397402759 0.7300591602597241
 0.997460305901372 0.00253969409862781
 0.2699673552797514 0.7300326447202486
 0.9925543989673339 0.007445601032666319
 0.2636230794086726 0.7363769205913275
 0.9959087916663726 0.004091208333627473
 0.2671887611639818 0.7328112388360182
 0.9969549546401304 0.0030450453598695826
 0.26741537385077363 0.7325846261492264
 0.9947312115140738 0.005268788485926217
 0.26527924873369574 0.7347207512663042
 0.9925055984605182 0.007494401539481827
 0.2639743621828688 0.7360256378171312
 0.9957913206429511 0.00420867935704892
 0.26526344970781823 0.7347365502921818
 0.9972312765997021 0.002768723400297827
 0.2690581010478407 0.730941898952159
 0.992125758043373 0.007874241956627163
 0.2628172018771885 0.7371827981228114
 0.9941217884191879 0.0058782115808119935
 0.26650711956411816 0.7334928804358819
 0.9939160412597522 0.006083958740247884
 0.2683250742082917 0.7316749257917082
 0.9939608531742163 0.006039146825783546
 0.2650424367301631 0.734957563269837
 0.9937604579072706 0.006239542092729273
 0.2701103020394891 0.729889697960511
 0.9935917241253154 0.006408275874684525
 0.27235127406895737 0.7276487259310425
 0.9969328567271847 0.00306714327281549
 0.2737977154606936 0.7262022845393065
 0.9965082852273445 0.0034917147726555354
 0.2755917217354594 0.7244082782645404
 0.9963971344786875 0.00360286552131259
 0.28027045601661216 0.7197295439833878
 0.99432130281586 0.005678697184140019
 0.2734674276276904 0.7265325723723096
 0.9918958698920721 0.008104130107927885
 0.2673134748172902 0.7326865251827098
 0.9943480580057521 0.005651941994248032
 0.2694975063438757 0.7305024936561244
 0.9918957588672475 0.008104241132752476
 0.26798168946379036 0.7320183105362097
 0.9966780867855568 0.003321913214443139
 0.2727272009492163 0.7272727990507837
 0.9941962340525377 0.005803765947462262
 0.26932017043071377 0.7306798295692859
 0.9972212709803291 0.0027787290196708554
 0.27484140728831147 0.7251585927116885
 0.9963370659067169 0.0036629340932832198
 0.2727814955279878 0.7272185044720122
 0.9956574658005266 0.004342534199473263
 0.2704501189362805 0.7295498810637195
 0.9934645399744975 0.006535460025502652
 0.2698517642764711 0.7301482357235288
 0.9936283292806632 0.006371670719336833
 0.2697031530259886 0.7302968469740114
 0.9971043807868247 0.0028956192131751016
 0.27460239487181637 0.7253976051281835
 0.997192186612612 0.0028078133873882397
 0.2748524014080999 0.7251475985919004
 0.9971418769528274 0.0028581230471725573
 0.274401350216631 0.7255986497833689
 0.9936675094892787 0.006332490510721137
 0.27115385151172 0.72884614848828
 0.9933192202238903 0.006680779776109788
 0.26963555693100294 0.7303644430689972
 0.993183660878887 0.006816339121113016
 0.2710263412543797 0.7289736587456204
 0.9962537048161995 0.0037462951838003813
 0.27872908970068744 0.7212709102993125
 0.996606128577054 0.0033938714229460342
 0.2775065729533091 0.7224934270466908
 0.9967796788059011 0.003220321194098897
 0.27598002683321 0.7240199731667901
 0.9913883091666748 0.008611690833325112
 0.2710671490205787 0.7289328509794213
 0.9936728882089614 0.006327111791038631
 0.2722557111011597 0.7277442888988405
 0.9968634472786007 0.003136552721399252
 0.27959889306824215 0.720401106931758
 0.997648789643205 0.0023512103567950734
 0.24127593493796248 0.7587240650620374
 0.9947731956442544 0.005226804355745537
 0.2508961581794966 0.7491038418205034
 0.9971679113719342 0.0028320886280658463
 0.26232515239214804 0.737674847607852
 0.9973414716027124 0.0026585283972876276
 0.2736951333977445 0.7263048666022556
 0.9951918972600079 0.00480810273999222
 0.274586920583391 0.7254130794166089
 0.9925571165466857 0.007442883453314324
 0.2767293767462997 0.7232706232537002
 0.9957760979608399 0.004223902039160055
 0.28703400562576253 0.7129659943742375
 0.9972751299668795 0.002724870033120306
 0.2746920089366153 0.7253079910633845
 0.9964668461487893 0.0035331538512108933
 0.2759952780870036 0.7240047219129965
 0.9950244956333201 0.00497550436667986
 0.28142005877674686 0.718579941223253
 0.9949053985680434 0.005094601431956565
 0.26777042062514755 0.7322295793748524
 0.9965874258166109 0.003412574183388976
 0.2642462657530461 0.7357537342469539
 0.9966917989597818 0.003308201040218236
 0.2638247947312577 0.7361752052687422
 0.9972789238302169 0.0027210761697831873
 0.2666648761676674 0.7333351238323327
 0.9969436930833604 0.003056306916639549
 0.279117810074831 0.720882189925169
 0.9968809243447366 0.0031190756552634366
 0.2690601149738189 0.7309398850261812
 0.9946627592423889 0.005337240757611065
 0.26502180305504447 0.7349781969449556
 0.9968788865699404 0.003121113430059381
 0.2649400537692944 0.7350599462307054
 0.9945886194995971 0.005411380500402899
 0.268354759307481 0.7316452406925189
 0.9951662954300767 0.004833704569923343
 0.26723815556815794 0.7327618444318422
 0.9959588290331317 0.004041170966868325
 0.25878239924468444 0.7412176007553155
 0.997177313539938 0.002822686460062247
 0.2654572288420508 0.7345427711579493
 0.9963833618123447 0.00361663818765527
 0.2685676365081822 0.7314323634918176
 0.9963593295148772 0.0036406704851231274
 0.2751359603744719 0.7248640396255283
 0.9950043289980757 0.004995671001924371
 0.26684014068616124 0.7331598593138389
 0.9950337690950826 0.004966230904917241
 0.26225902822084596 0.7377409717791539
 0.9975182941010396 0.0024817058989602607
 0.2599955832294254 0.7400044167705745
 0.9930560518662581 0.006943948133741897
 0.2615054343806404 0.7384945656193596
 0.9972985140862654 0.0027014859137345745
 0.2685340841349899 0.7314659158650101
 0.9929509090656253 0.007049090934374676
 0.26272829612269155 0.7372717038773084
 0.9972456603074827 0.0027543396925172646
 0.2649207852440369 0.7350792147559632
 0.9969401165629583 0.003059883437041592
 0.26880395757793435 0.7311960424220657
 0.9950454297779155 0.004954570222084416
 0.2659805335495489 0.734019466450451
 0.9964093777186281 0.00359062228137188
 0.2651534042541918 0.7348465957458082
 0.996590801153833 0.0034091988461669594
 0.26567500181920023 0.7343249981807998
 0.9977569049876002 0.0022430950123997827
 0.2659680440173644 0.7340319559826356
 0.9963630008609176 0.0036369991390825846
 0.2650778486852041 0.7349221513147961
 0.9976578559435402 0.0023421440564595193
 0.2649737997298307 0.7350262002701692
 0.9931117301623303 0.006888269837669691
 0.2601777199228346 0.7398222800771654
 0.997689505572776 0.0023104944272243078
 0.26630045320875007 0.73369954679125
 0.992826714900695 0.007173285099304986
 0.26086935580681814 0.7391306441931819
 0.9949999404663974 0.005000059533602554
 0.2620865313143712 0.7379134686856288
 0.9925420866162075 0.007457913383792565
 0.2604489031252383 0.7395510968747617
 0.997253023427236 0.0027469765727639183
 0.2654851912030373 0.7345148087969627
 0.9922590484668283 0.00774095153317163
 0.2649842786994494 0.7350157213005506
 0.9963015925006521 0.0036984074993478633
 0.2663630364529732 0.7336369635470269
 0.9942448873745812 0.005755112625419014
 0.2642814048162321 0.7357185951837679
 0.9942805053527615 0.005719494647238392
 0.26232901444957824 0.7376709855504218
 0.9942826428197173 0.005717357180282746
 0.26373135919902885 0.7362686408009712
 0.9940340745299516 0.005965925470048278
 0.2623139103759343 0.7376860896240657
 0.9946811514697291 0.0053188485302710425
 0.2639932605387321 0.7360067394612679
 0.9971058693767647 0.002894130623235211
 0.2711421601507635 0.7288578398492366
 0.9972940360913951 0.0027059639086047123
 0.2712613085345767 0.7287386914654232
 0.9973964376351923 0.0026035623648078534
 0.2724020685248463 0.727597931475154
 0.9970463469124557 0.00295365308754399
 0.27192531019604604 0.7280746898039537
 0.9965617562710913 0.0034382437289086332
 0.27034995039473536 0.7296500496052646
 0.9961883111367399 0.00381168886325999
 0.27013423681032495 0.7298657631896749
 0.9972919059759077 0.0027080940240923656
 0.2666592564174312 0.7333407435825686
 0.9974739963386029 0.00252600366139722
 0.26924148959928895 0.730758510400711
 0.9973243832891107 0.002675616710889269
 0.2699408397402759 0.7300591602597241
 0.997460305901372 0.00253969409862781
 0.2699673552797514 0.7300326447202486
 0.9925543989673339 0.007445601032666319
 0.2636230794086726 0.7363769205913275
 0.9959087916663726 0.004091208333627473
 0.2671887611639818 0.7328112388360182
 0.9969549546401304 0.0030450453598695826
 0.26741537385077363 0.7325846261492264
 0.9947312115140738 0.005268788485926217
 0.26527924873369574 0.7347207512663042
 0.9925055984605182 0.007494401539481827
 0.2639743621828688 0.7360256378171312
 0.9957913206429511 0.00420867935704892
 0.26526344970781823 0.7347365502921818
 0.9972312765997021 0.002768723400297827
 0.2690581010478407 0.730941898952159
 0.992125758043373 0.007874241956627163
 0.2628172018771885 0.7371827981228114
 0.9941217884191879 0.0058782115808119935
 0.26650711956411816 0.7334928804358819
 0.9939160412597522 0.006083958740247884
 0.2683250742082917 0.7316749257917082
 0.9939608531742163 0.006039146825783546
 0.2650424367301631 0.734957563269837
 0.9937604579072706 0.006239542092729273
 0.2701103020394891 0.729889697960511
 0.9935917241253154 0.006408275874684525
 0.27235127406895737 0.7276487259310425
 0.9969328567271847 0.00306714327281549
 0.2737977154606936 0.7262022845393065
 0.9965082852273445 0.0034917147726555354
 0.2755917217354594 0.7244082782645404
 0.9963971344786875 0.00360286552131259
 0.28027045601661216 0.7197295439833878
 0.99432130281586 0.005678697184140019
 0.2734674276276904 0.7265325723723096
 0.9918958698920721 0.008104130107927885
 0.2673134748172902 0.7326865251827098
 0.9943480580057521 0.005651941994248032
 0.2694975063438757 0.7305024936561244
 0.9918957588672475 0.008104241132752476
 0.26798168946379036 0.7320183105362097
 0.9966780867855568 0.003321913214443139
 0.2727272009492163 0.7272727990507837
 0.9941962340525377 0.005803765947462262
 0.26932017043071377 0.7306798295692859
 0.9972212709803291 0.0027787290196708554
 0.27484140728831147 0.7251585927116885
 0.9963370659067169 0.0036629340932832198
 0.2727814955279878 0.7272185044720122
 0.9956574658005266 0.004342534199473263
 0.2704501189362805 0.7295498810637195
 0.9934645399744975 0.006535460025502652
 0.2698517642764711 0.7301482357235288
 0.9936283292806632 0.006371670719336833
 0.2697031530259886 0.7302968469740114
 0.9971043807868247 0.0028956192131751016
 0.27460239487181637 0.7253976051281835
 0.997192186612612 0.0028078133873882397
 0.2748524014080999 0.7251475985919004
 0.9971418769528274 0.0028581230471725573
 0.274401350216631 0.7255986497833689
 0.9936675094892787 0.006332490510721137
 0.27115385151172 0.72884614848828
 0.9933192202238903 0.006680779776109788
 0.26963555693100294 0.7303644430689972
 0.993183660878887 0.006816339121113016
 0.2710263412543797 0.7289736587456204
 0.9962537048161995 0.0037462951838003813
 0.27872908970068744 0.7212709102993125
 0.996606128577054 0.0033938714229460342
 0.2775065729533091 0.7224934270466908
 0.9967796788059011 0.003220321194098897
 0.27598002683321 0.7240199731667901
 0.9913883091666748 0.008611690833325112
 0.2710671490205787 0.7289328509794213
 0.9936728882089614 0.006327111791038631
 0.2722557111011597 0.7277442888988405
 0.9968634472786007 0.003136552721399252
 0.27959889306824215 0.720401106931758
 0.997648789643205 0.0023512103567950734
 0.24127593493796248 0.7587240650620374
 0.9947731956442544 0.005226804355745537
 0.2508961581794966 0.7491038418205034
 0.9971679113719342 0.0028320886280658463
 0.26232515239214804 0.737674847607852
 0.9973414716027124 0.0026585283972876276
 0.2736951333977445 0.7263048666022556
 0.9951918972600079 0.00480810273999222
 0.274586920583391 0.7254130794166089
 0.9925571165466857 0.007442883453314324
 0.2767293767462997 0.7232706232537002
 0.9957760979608399 0.004223902039160055
 0.28703400562576253 0.7129659943742375
 0.9972751299668795 0.002724870033120306
 0.2746920089366153 0.7253079910633845
 0.9964668461487893 0.0035331538512108933
 0.2759952780870036 0.7240047219129965
 0.9950244956333201 0.00497550436667986
 0.28142005877674686 0.718579941223253
 0.9949053985680434 0.005094601431956565
 0.26777042062514755 0.7322295793748524
 0.9965874258166109 0.003412574183388976
 0.2642462657530461 0.7357537342469539
 0.9966917989597818 0.003308201040218236
 0.2638247947312577 0.7361752052687422
 0.9972789238302169 0.0027210761697831873
 0.2666648761676674 0.7333351238323327
 0.9969436930833604 0.003056306916639549
 0.279117810074831 0.720882189925169
 0.9968809243447366 0.0031190756552634366
 0.2690601149738189 0.7309398850261812
 0.9946627592423889 0.005337240757611065
 0.26502180305504447 0.7349781969449556
 0.9968788865699404 0.003121113430059381
 0.2649400537692944 0.7350599462307054
 0.9945886194995971 0.005411380500402899
 0.268354759307481 0.7316452406925189
 0.9951662954300767 0.004833704569923343
 0.26723815556815794 0.7327618444318422
 0.9959588290331317 0.004041170966868325
 0.25878239924468444 0.7412176007553155
 0.997177313539938 0.002822686460062247
 0.2654572288420508 0.7345427711579493
 0.9963833618123447 0.00361663818765527
 0.2685676365081822 0.7314323634918176
 0.9963593295148772 0.0036406704851231274
 0.2751359603744719 0.7248640396255283
 0.9950043289980757 0.004995671001924371
 0.26684014068616124 0.7331598593138389
 0.9950337690950826 0.004966230904917241
 0.26225902822084596 0.7377409717791539
 0.9975182941010396 0.0024817058989602607
 0.2599955832294254 0.7400044167705745
 0.9930560518662581 0.006943948133741897
 0.2615054343806404 0.7384945656193596
 0.9972985140862654 0.0027014859137345745
 0.2685340841349899 0.7314659158650101
 0.9929509090656253 0.007049090934374676
 0.26272829612269155 0.7372717038773084
 0.9972456603074827 0.0027543396925172646
 0.2649207852440369 0.7350792147559632
 0.9969401165629583 0.003059883437041592
 0.26880395757793435 0.7311960424220657
 0.9950454297779155 0.004954570222084416
 0.2659805335495489 0.734019466450451
 0.9964093777186281 0.00359062228137188
 0.2651534042541918 0.7348465957458082
 0.996590801153833 0.0034091988461669594
 0.26567500181920023 0.7343249981807998
 0.9977569049876002 0.0022430950123997827
 0.2659680440173644 0.7340319559826356
 0.9963630008609176 0.0036369991390825846
 0.2650778486852041 0.7349221513147961
 0.9976578559435402 0.0023421440564595193
 0.2649737997298307 0.7350262002701692
 0.9931117301623303 0.006888269837669691
 0.2601777199228346 0.7398222800771654
 0.997689505572776 0.0023104944272243078
 0.26630045320875007 0.73369954679125
 0.992826714900695 0.007173285099304986
 0.26086935580681814 0.7391306441931819
 0.9949999404663974 0.005000059533602554
 0.2620865313143712 0.7379134686856288
 0.9925420866162075 0.007457913383792565
 0.2604489031252383 0.7395510968747617
 0.997253023427236 0.0027469765727639183
 0.2654851912030373 0.7345148087969627
 0.9922590484668283 0.00774095153317163
 0.2649842786994494 0.7350157213005506
 0.9963015925006521 0.0036984074993478633
 0.2663630364529732 0.7336369635470269
 0.9942448873745812 0.005755112625419014
 0.2642814048162321 0.7357185951837679
 0.9942805053527615 0.005719494647238392
 0.26232901444957824 0.7376709855504218
 0.9942826428197173 0.005717357180282746
 0.26373135919902885 0.7362686408009712
 0.9940340745299516 0.005965925470048278
 0.2623139103759343 0.7376860896240657
 0.9946811514697291 0.0053188485302710425
 0.2639932605387321 0.7360067394612679
 0.9971058693767647 0.002894130623235211
 0.2711421601507635 0.7288578398492366
 0.9972940360913951 0.0027059639086047123
 0.2712613085345767 0.7287386914654232
 0.9973964376351923 0.0026035623648078534
 0.2724020685248463 0.727597931475154
 0.9970463469124557 0.00295365308754399
 0.27192531019604604 0.7280746898039537
 0.9965617562710913 0.0034382437289086332
 0.27034995039473536 0.7296500496052646
 0.9961883111367399 0.00381168886325999
 0.27013423681032495 0.7298657631896749
 0.9972919059759077 0.0027080940240923656
 0.2666592564174312 0.7333407435825686
 0.9974739963386029 0.00252600366139722
 0.26924148959928895 0.730758510400711
 0.9973243832891107 0.002675616710889269
 0.2699408397402759 0.7300591602597241
 0.997460305901372 0.00253969409862781
 0.2699673552797514 0.7300326447202486
 0.9925543989673339 0.007445601032666319
 0.2636230794086726 0.7363769205913275
 0.9959087916663726 0.004091208333627473
 0.2671887611639818 0.7328112388360182
 0.9969549546401304 0.0030450453598695826
 0.26741537385077363 0.7325846261492264
 0.9947312115140738 0.005268788485926217
 0.26527924873369574 0.7347207512663042
 0.9925055984605182 0.007494401539481827
 0.2639743621828688 0.7360256378171312
 0.9957913206429511 0.00420867935704892
 0.26526344970781823 0.7347365502921818
 0.9972312765997021 0.002768723400297827
 0.2690581010478407 0.730941898952159
 0.992125758043373 0.007874241956627163
 0.2628172018771885 0.7371827981228114
 0.9941217884191879 0.0058782115808119935
 0.26650711956411816 0.7334928804358819
 0.9939160412597522 0.006083958740247884
 0.2683250742082917 0.7316749257917082
 0.9939608531742163 0.006039146825783546
 0.2650424367301631 0.734957563269837
 0.9937604579072706 0.006239542092729273
 0.2701103020394891 0.729889697960511
 0.9935917241253154 0.006408275874684525
 0.27235127406895737 0.7276487259310425
 0.9969328567271847 0.00306714327281549
 0.2737977154606936 0.7262022845393065
 0.9965082852273445 0.0034917147726555354
 0.2755917217354594 0.7244082782645404
 0.9963971344786875 0.00360286552131259
 0.28027045601661216 0.7197295439833878
 0.99432130281586 0.005678697184140019
 0.2734674276276904 0.7265325723723096
 0.9918958698920721 0.008104130107927885
 0.2673134748172902 0.7326865251827098
 0.9943480580057521 0.005651941994248032
 0.2694975063438757 0.7305024936561244
 0.9918957588672475 0.008104241132752476
 0.26798168946379036 0.7320183105362097
 0.9966780867855568 0.003321913214443139
 0.2727272009492163 0.7272727990507837
 0.9941962340525377 0.005803765947462262
 0.26932017043071377 0.7306798295692859
 0.9972212709803291 0.0027787290196708554
 0.27484140728831147 0.7251585927116885
 0.9963370659067169 0.0036629340932832198
 0.2727814955279878 0.7272185044720122
 0.9956574658005266 0.004342534199473263
 0.2704501189362805 0.7295498810637195
 0.9934645399744975 0.006535460025502652
 0.2698517642764711 0.7301482357235288
 0.9936283292806632 0.006371670719336833
 0.2697031530259886 0.7302968469740114
 0.9971043807868247 0.0028956192131751016
 0.27460239487181637 0.7253976051281835
 0.997192186612612 0.0028078133873882397
 0.2748524014080999 0.7251475985919004
 0.9971418769528274 0.0028581230471725573
 0.274401350216631 0.7255986497833689
 0.9936675094892787 0.006332490510721137
 0.27115385151172 0.72884614848828
 0.9933192202238903 0.006680779776109788
 0.26963555693100294 0.7303644430689972
 0.993183660878887 0.006816339121113016
 0.2710263412543797 0.7289736587456204
 0.9962537048161995 0.0037462951838003813
 0.27872908970068744 0.7212709102993125
 0.996606128577054 0.0033938714229460342
 0.2775065729533091 0.7224934270466908
 0.9967796788059011 0.003220321194098897
 0.27598002683321 0.7240199731667901
 0.9913883091666748 0.008611690833325112
 0.2710671490205787 0.7289328509794213
 0.9936728882089614 0.006327111791038631
 0.2722557111011597 0.7277442888988405
 0.9968634472786007 0.003136552721399252
 0.27959889306824215 0.720401106931758
 0.997648789643205 0.0023512103567950734
 0.24127593493796248 0.7587240650620374
 0.9947731956442544 0.005226804355745537
 0.2508961581794966 0.7491038418205034
 0.9971679113719342 0.0028320886280658463
 0.26232515239214804 0.737674847607852
 0.9973414716027124 0.0026585283972876276
 0.2736951333977445 0.7263048666022556
 0.9951918972600079 0.00480810273999222
 0.274586920583391 0.7254130794166089
 0.9925571165466857 0.007442883453314324
 0.2767293767462997 0.7232706232537002
 0.9957760979608399 0.004223902039160055
 0.28703400562576253 0.7129659943742375
 0.9972751299668795 0.002724870033120306
 0.2746920089366153 0.7253079910633845
 0.9964668461487893 0.0035331538512108933
 0.2759952780870036 0.7240047219129965
 0.9950244956333201 0.00497550436667986
 0.28142005877674686 0.718579941223253
 0.9949053985680434 0.005094601431956565
 0.26777042062514755 0.7322295793748524
 0.9965874258166109 0.003412574183388976
 0.2642462657530461 0.7357537342469539
 0.9966917989597818 0.003308201040218236
 0.2638247947312577 0.7361752052687422
 0.9972789238302169 0.0027210761697831873
 0.2666648761676674 0.7333351238323327
 0.9969436930833604 0.003056306916639549
 0.279117810074831 0.720882189925169
 0.9968809243447366 0.0031190756552634366
 0.2690601149738189 0.7309398850261812
 0.9946627592423889 0.005337240757611065
 0.26502180305504447 0.7349781969449556
 0.9968788865699404 0.003121113430059381
 0.2649400537692944 0.7350599462307054
 0.9945886194995971 0.005411380500402899
 0.268354759307481 0.7316452406925189
 0.9951662954300767 0.004833704569923343
 0.26723815556815794 0.7327618444318422
 0.9959588290331317 0.004041170966868325
 0.25878239924468444 0.7412176007553155
 0.997177313539938 0.002822686460062247
 0.2654572288420508 0.7345427711579493
 0.9963833618123447 0.00361663818765527
 0.2685676365081822 0.7314323634918176
 0.9963593295148772 0.0036406704851231274
 0.2751359603744719 0.7248640396255283
 0.9950043289980757 0.004995671001924371
 0.26684014068616124 0.7331598593138389
 0.9950337690950826 0.004966230904917241
 0.26225902822084596 0.7377409717791539
 0.9975182941010396 0.0024817058989602607
 0.2599955832294254 0.7400044167705745
 0.9930560518662581 0.006943948133741897
 0.2615054343806404 0.7384945656193596
 0.9972985140862654 0.0027014859137345745
 0.2685340841349899 0.7314659158650101
 0.9929509090656253 0.007049090934374676
 0.26272829612269155 0.7372717038773084
 0.9972456603074827 0.0027543396925172646
 0.2649207852440369 0.7350792147559632
 0.9969401165629583 0.003059883437041592
 0.26880395757793435 0.7311960424220657
 0.9950454297779155 0.004954570222084416
 0.2659805335495489 0.734019466450451
 0.9964093777186281 0.00359062228137188
 0.2651534042541918 0.7348465957458082
 0.996590801153833 0.0034091988461669594
 0.26567500181920023 0.7343249981807998
 0.9977569049876002 0.0022430950123997827
 0.2659680440173644 0.7340319559826356
 0.9963630008609176 0.0036369991390825846
 0.2650778486852041 0.7349221513147961
 0.9976578559435402 0.0023421440564595193
 0.2649737997298307 0.7350262002701692
 0.9931117301623303 0.006888269837669691
 0.2601777199228346 0.7398222800771654
 0.997689505572776 0.0023104944272243078
 0.26630045320875007 0.73369954679125
 0.992826714900695 0.007173285099304986
 0.26086935580681814 0.7391306441931819
 0.9949999404663974 0.005000059533602554
 0.2620865313143712 0.7379134686856288
 0.9925420866162075 0.007457913383792565
 0.2604489031252383 0.7395510968747617
 0.997253023427236 0.0027469765727639183
 0.2654851912030373 0.7345148087969627
 0.9922590484668283 0.00774095153317163
 0.2649842786994494 0.7350157213005506
 0.9963015925006521 0.0036984074993478633
 0.2663630364529732 0.7336369635470269
 0.9942448873745812 0.005755112625419014
 0.2642814048162321 0.7357185951837679
 0.9942805053527615 0.005719494647238392
 0.26232901444957824 0.7376709855504218
 0.9942826428197173 0.005717357180282746
 0.26373135919902885 0.7362686408009712
 0.9940340745299516 0.005965925470048278
 0.2623139103759343 0.7376860896240657
 0.9946811514697291 0.0053188485302710425
 0.2639932605387321 0.7360067394612679
 0.9971058693767647 0.002894130623235211
 0.2711421601507635 0.7288578398492366
 0.9972940360913951 0.0027059639086047123
 0.2712613085345767 0.7287386914654232
 0.9973964376351923 0.0026035623648078534
 0.2724020685248463 0.727597931475154
 0.9970463469124557 0.00295365308754399
 0.27192531019604604 0.7280746898039537
 0.9965617562710913 0.0034382437289086332
 0.27034995039473536 0.7296500496052646
 0.9961883111367399 0.00381168886325999
 0.27013423681032495 0.7298657631896749
 0.9972919059759077 0.0027080940240923656
 0.2666592564174312 0.7333407435825686
 0.9974739963386029 0.00252600366139722
 0.26924148959928895 0.730758510400711
 0.9973243832891107 0.002675616710889269
 0.2699408397402759 0.7300591602597241
 0.997460305901372 0.00253969409862781
 0.2699673552797514 0.7300326447202486
 0.9925543989673339 0.007445601032666319
 0.2636230794086726 0.7363769205913275
 0.9959087916663726 0.004091208333627473
 0.2671887611639818 0.7328112388360182
 0.9969549546401304 0.0030450453598695826
 0.26741537385077363 0.7325846261492264
 0.9947312115140738 0.005268788485926217
 0.26527924873369574 0.7347207512663042
 0.9925055984605182 0.007494401539481827
 0.2639743621828688 0.7360256378171312
 0.9957913206429511 0.00420867935704892
 0.26526344970781823 0.7347365502921818
 0.9972312765997021 0.002768723400297827
 0.2690581010478407 0.730941898952159
 0.992125758043373 0.007874241956627163
 0.2628172018771885 0.7371827981228114
 0.9941217884191879 0.0058782115808119935
 0.26650711956411816 0.7334928804358819
 0.9939160412597522 0.006083958740247884
 0.2683250742082917 0.7316749257917082
 0.9939608531742163 0.006039146825783546
 0.2650424367301631 0.734957563269837
 0.9937604579072706 0.006239542092729273
 0.2701103020394891 0.729889697960511
 0.9935917241253154 0.006408275874684525
 0.27235127406895737 0.7276487259310425
 0.9969328567271847 0.00306714327281549
 0.2737977154606936 0.7262022845393065
 0.9965082852273445 0.0034917147726555354
 0.2755917217354594 0.7244082782645404
 0.9963971344786875 0.00360286552131259
 0.28027045601661216 0.7197295439833878
 0.99432130281586 0.005678697184140019
 0.2734674276276904 0.7265325723723096
 0.9918958698920721 0.008104130107927885
 0.2673134748172902 0.7326865251827098
 0.9943480580057521 0.005651941994248032
 0.2694975063438757 0.7305024936561244
 0.9918957588672475 0.008104241132752476
 0.26798168946379036 0.7320183105362097
 0.9966780867855568 0.003321913214443139
 0.2727272009492163 0.7272727990507837
 0.9941962340525377 0.005803765947462262
 0.26932017043071377 0.7306798295692859
 0.9972212709803291 0.0027787290196708554
 0.27484140728831147 0.7251585927116885
 0.9963370659067169 0.0036629340932832198
 0.2727814955279878 0.7272185044720122
 0.9956574658005266 0.004342534199473263
 0.2704501189362805 0.7295498810637195
 0.9934645399744975 0.006535460025502652
 0.2698517642764711 0.7301482357235288
 0.9936283292806632 0.006371670719336833
 0.2697031530259886 0.7302968469740114
 0.9971043807868247 0.0028956192131751016
 0.27460239487181637 0.7253976051281835
 0.997192186612612 0.0028078133873882397
 0.2748524014080999 0.7251475985919004
 0.9971418769528274 0.0028581230471725573
 0.274401350216631 0.7255986497833689
 0.9936675094892787 0.006332490510721137
 0.27115385151172 0.72884614848828
 0.9933192202238903 0.006680779776109788
 0.26963555693100294 0.7303644430689972
 0.993183660878887 0.006816339121113016
 0.2710263412543797 0.7289736587456204
 0.9962537048161995 0.0037462951838003813
 0.27872908970068744 0.7212709102993125
 0.996606128577054 0.0033938714229460342
 0.2775065729533091 0.7224934270466908
 0.9967796788059011 0.003220321194098897
 0.27598002683321 0.7240199731667901
 0.9913883091666748 0.008611690833325112
 0.2710671490205787 0.7289328509794213
 0.9936728882089614 0.006327111791038631
 0.2722557111011597 0.7277442888988405
 0.9968634472786007 0.003136552721399252
 0.27959889306824215 0.720401106931758
 0.997648789643205 0.0023512103567950734
 0.24127593493796248 0.7587240650620374
 0.9947731956442544 0.005226804355745537
 0.2508961581794966 0.7491038418205034
 0.9971679113719342 0.0028320886280658463
 0.26232515239214804 0.737674847607852
 0.9973414716027124 0.0026585283972876276
 0.2736951333977445 0.7263048666022556
 0.9951918972600079 0.00480810273999222
 0.274586920583391 0.7254130794166089
 0.9925571165466857 0.007442883453314324
 0.2767293767462997 0.7232706232537002
 0.9957760979608399 0.004223902039160055
 0.28703400562576253 0.7129659943742375
 0.9972751299668795 0.002724870033120306
 0.2746920089366153 0.7253079910633845
 0.9964668461487893 0.0035331538512108933
 0.2759952780870036 0.7240047219129965
 0.9950244956333201 0.00497550436667986
 0.28142005877674686 0.718579941223253
 0.9949053985680434 0.005094601431956565
 0.26777042062514755 0.7322295793748524
 0.9965874258166109 0.003412574183388976
 0.2642462657530461 0.7357537342469539
 0.9966917989597818 0.003308201040218236
 0.2638247947312577 0.7361752052687422
 0.9972789238302169 0.0027210761697831873
 0.2666648761676674 0.7333351238323327
 0.9969436930833604 0.003056306916639549
 0.279117810074831 0.720882189925169
 0.9968809243447366 0.0031190756552634366
 0.2690601149738189 0.7309398850261812
 0.9946627592423889 0.005337240757611065
 0.26502180305504447 0.7349781969449556
 0.9968788865699404 0.003121113430059381
 0.2649400537692944 0.7350599462307054
 0.9945886194995971 0.005411380500402899
 0.268354759307481 0.7316452406925189
 0.9951662954300767 0.004833704569923343
 0.26723815556815794 0.7327618444318422
 0.9959588290331317 0.004041170966868325
 0.25878239924468444 0.7412176007553155
 0.997177313539938 0.002822686460062247
 0.2654572288420508 0.7345427711579493
 0.9963833618123447 0.00361663818765527
 0.2685676365081822 0.7314323634918176
 0.9963593295148772 0.0036406704851231274
 0.2751359603744719 0.7248640396255283
 0.9950043289980757 0.004995671001924371
 0.26684014068616124 0.7331598593138389
 0.9950337690950826 0.004966230904917241
 0.26225902822084596 0.7377409717791539
 0.9975182941010396 0.0024817058989602607
 0.2599955832294254 0.7400044167705745
 0.9930560518662581 0.006943948133741897
 0.2615054343806404 0.7384945656193596
 0.9972985140862654 0.0027014859137345745
 0.2685340841349899 0.7314659158650101
 0.9929509090656253 0.007049090934374676
 0.26272829612269155 0.7372717038773084
 0.9972456603074827 0.0027543396925172646
 0.2649207852440369 0.7350792147559632
 0.9969401165629583 0.003059883437041592
 0.26880395757793435 0.7311960424220657
 0.9950454297779155 0.004954570222084416
 0.2659805335495489 0.734019466450451
 0.9964093777186281 0.00359062228137188
 0.2651534042541918 0.7348465957458082
 0.996590801153833 0.0034091988461669594
 0.26567500181920023 0.7343249981807998
 0.9977569049876002 0.0022430950123997827
 0.2659680440173644 0.7340319559826356
 0.9963630008609176 0.0036369991390825846
 0.2650778486852041 0.7349221513147961
 0.9976578559435402 0.0023421440564595193
 0.2649737997298307 0.7350262002701692
 0.9931117301623303 0.006888269837669691
 0.2601777199228346 0.7398222800771654
 0.997689505572776 0.0023104944272243078
 0.26630045320875007 0.73369954679125
 0.992826714900695 0.007173285099304986
 0.26086935580681814 0.7391306441931819
 0.9949999404663974 0.005000059533602554
 0.2620865313143712 0.7379134686856288
 0.9925420866162075 0.007457913383792565
 0.2604489031252383 0.7395510968747617
 0.997253023427236 0.0027469765727639183
 0.2654851912030373 0.7345148087969627
 0.9922590484668283 0.00774095153317163
 0.2649842786994494 0.7350157213005506
 0.9963015925006521 0.0036984074993478633
 0.2663630364529732 0.7336369635470269
 0.9942448873745812 0.005755112625419014
 0.2642814048162321 0.7357185951837679
 0.9942805053527615 0.005719494647238392
 0.26232901444957824 0.7376709855504218
 0.9942826428197173 0.005717357180282746
 0.26373135919902885 0.7362686408009712
 0.9940340745299516 0.005965925470048278
 0.2623139103759343 0.7376860896240657
 0.9946811514697291 0.0053188485302710425
 0.2639932605387321 0.7360067394612679
 0.9971058693767647 0.002894130623235211
 0.2711421601507635 0.7288578398492366
 0.9972940360913951 0.0027059639086047123
 0.2712613085345767 0.7287386914654232
 0.9973964376351923 0.0026035623648078534
 0.2724020685248463 0.727597931475154
 0.9970463469124557 0.00295365308754399
 0.27192531019604604 0.7280746898039537
 0.9965617562710913 0.0034382437289086332
 0.27034995039473536 0.7296500496052646
 0.9961883111367399 0.00381168886325999
 0.27013423681032495 0.7298657631896749
 0.9972919059759077 0.0027080940240923656
 0.2666592564174312 0.7333407435825686
 0.9974739963386029 0.00252600366139722
 0.26924148959928895 0.730758510400711
 0.9973243832891107 0.002675616710889269
 0.2699408397402759 0.7300591602597241
 0.997460305901372 0.00253969409862781
 0.2699673552797514 0.7300326447202486
 0.9925543989673339 0.007445601032666319
 0.2636230794086726 0.7363769205913275
 0.9959087916663726 0.004091208333627473
 0.2671887611639818 0.7328112388360182
 0.9969549546401304 0.0030450453598695826
 0.26741537385077363 0.7325846261492264
 0.9947312115140738 0.005268788485926217
 0.26527924873369574 0.7347207512663042
 0.9925055984605182 0.007494401539481827
 0.2639743621828688 0.7360256378171312
 0.9957913206429511 0.00420867935704892
 0.26526344970781823 0.7347365502921818
 0.9972312765997021 0.002768723400297827
 0.2690581010478407 0.730941898952159
 0.992125758043373 0.007874241956627163
 0.2628172018771885 0.7371827981228114
 0.9941217884191879 0.0058782115808119935
 0.26650711956411816 0.7334928804358819
 0.9939160412597522 0.006083958740247884
 0.2683250742082917 0.7316749257917082
 0.9939608531742163 0.006039146825783546
 0.2650424367301631 0.734957563269837
 0.9937604579072706 0.006239542092729273
 0.2701103020394891 0.729889697960511
 0.9935917241253154 0.006408275874684525
 0.27235127406895737 0.7276487259310425
 0.9969328567271847 0.00306714327281549
 0.2737977154606936 0.7262022845393065
 0.9965082852273445 0.0034917147726555354
 0.2755917217354594 0.7244082782645404
 0.9963971344786875 0.00360286552131259
 0.28027045601661216 0.7197295439833878
 0.99432130281586 0.005678697184140019
 0.2734674276276904 0.7265325723723096
 0.9918958698920721 0.008104130107927885
 0.2673134748172902 0.7326865251827098
 0.9943480580057521 0.005651941994248032
 0.2694975063438757 0.7305024936561244
 0.9918957588672475 0.008104241132752476
 0.26798168946379036 0.7320183105362097
 0.9966780867855568 0.003321913214443139
 0.2727272009492163 0.7272727990507837
 0.9941962340525377 0.005803765947462262
 0.26932017043071377 0.7306798295692859
 0.9972212709803291 0.0027787290196708554
 0.27484140728831147 0.7251585927116885
 0.9963370659067169 0.0036629340932832198
 0.2727814955279878 0.7272185044720122
 0.9956574658005266 0.004342534199473263
 0.2704501189362805 0.7295498810637195
 0.9934645399744975 0.006535460025502652
 0.2698517642764711 0.7301482357235288
 0.9936283292806632 0.006371670719336833
 0.2697031530259886 0.7302968469740114
 0.9971043807868247 0.0028956192131751016
 0.27460239487181637 0.7253976051281835
 0.997192186612612 0.0028078133873882397
 0.2748524014080999 0.7251475985919004
 0.9971418769528274 0.0028581230471725573
 0.274401350216631 0.7255986497833689
 0.9936675094892787 0.006332490510721137
 0.27115385151172 0.72884614848828
 0.9933192202238903 0.006680779776109788
 0.26963555693100294 0.7303644430689972
 0.993183660878887 0.006816339121113016
 0.2710263412543797 0.7289736587456204
 0.9962537048161995 0.0037462951838003813
 0.27872908970068744 0.7212709102993125
 0.996606128577054 0.0033938714229460342
 0.2775065729533091 0.7224934270466908
 0.9967796788059011 0.003220321194098897
 0.27598002683321 0.7240199731667901
 0.9913883091666748 0.008611690833325112
 0.2710671490205787 0.7289328509794213
 0.9936728882089614 0.006327111791038631
 0.2722557111011597 0.7277442888988405
 0.9968634472786007 0.003136552721399252
 0.27959889306824215 0.720401106931758
 0.997648789643205 0.0023512103567950734
 0.24127593493796248 0.7587240650620374
 0.9947731956442544 0.005226804355745537
 0.2508961581794966 0.7491038418205034
 0.9971679113719342 0.0028320886280658463
 0.26232515239214804 0.737674847607852
 0.9973414716027124 0.0026585283972876276
 0.2736951333977445 0.7263048666022556
 0.9951918972600079 0.00480810273999222
 0.274586920583391 0.7254130794166089
 0.9925571165466857 0.007442883453314324
 0.2767293767462997 0.7232706232537002
 0.9957760979608399 0.004223902039160055
 0.28703400562576253 0.7129659943742375
 0.9972751299668795 0.002724870033120306
 0.2746920089366153 0.7253079910633845
 0.9964668461487893 0.0035331538512108933
 0.2759952780870036 0.7240047219129965
 0.9950244956333201 0.00497550436667986
 0.28142005877674686 0.718579941223253
 0.9949053985680434 0.005094601431956565
 0.26777042062514755 0.7322295793748524
 0.9965874258166109 0.003412574183388976
 0.2642462657530461 0.7357537342469539
 0.9966917989597818 0.003308201040218236
 0.2638247947312577 0.7361752052687422
 0.9972789238302169 0.0027210761697831873
 0.2666648761676674 0.7333351238323327
 0.9969436930833604 0.003056306916639549
 0.279117810074831 0.720882189925169
 0.9968809243447366 0.0031190756552634366
 0.2690601149738189 0.7309398850261812
 0.9946627592423889 0.005337240757611065
 0.26502180305504447 0.7349781969449556
 0.9968788865699404 0.003121113430059381
 0.2649400537692944 0.7350599462307054
 0.9945886194995971 0.005411380500402899
 0.268354759307481 0.7316452406925189
 0.9951662954300767 0.004833704569923343
 0.26723815556815794 0.7327618444318422
 0.9959588290331317 0.004041170966868325
 0.25878239924468444 0.7412176007553155
 0.997177313539938 0.002822686460062247
 0.2654572288420508 0.7345427711579493
 0.9963833618123447 0.00361663818765527
 0.2685676365081822 0.7314323634918176
 0.9963593295148772 0.0036406704851231274
 0.2751359603744719 0.7248640396255283
 0.9950043289980757 0.004995671001924371
 0.26684014068616124 0.7331598593138389
 0.9950337690950826 0.004966230904917241
 0.26225902822084596 0.7377409717791539
 0.9975182941010396 0.0024817058989602607
 0.2599955832294254 0.7400044167705745
 0.9930560518662581 0.006943948133741897
 0.2615054343806404 0.7384945656193596
 0.9972985140862654 0.0027014859137345745
 0.2685340841349899 0.7314659158650101
 0.9929509090656253 0.007049090934374676
 0.26272829612269155 0.7372717038773084
 0.9972456603074827 0.0027543396925172646
 0.2649207852440369 0.7350792147559632
 0.9969401165629583 0.003059883437041592
 0.26880395757793435 0.7311960424220657
 0.9950454297779155 0.004954570222084416
 0.2659805335495489 0.734019466450451
 0.9964093777186281 0.00359062228137188
 0.2651534042541918 0.7348465957458082
 0.996590801153833 0.0034091988461669594
 0.26567500181920023 0.7343249981807998
 0.9977569049876002 0.0022430950123997827
 0.2659680440173644 0.7340319559826356
 0.9963630008609176 0.0036369991390825846
 0.2650778486852041 0.7349221513147961
 0.9976578559435402 0.0023421440564595193
 0.2649737997298307 0.7350262002701692
 0.9931117301623303 0.006888269837669691
 0.2601777199228346 0.7398222800771654
 0.997689505572776 0.0023104944272243078
 0.26630045320875007 0.73369954679125
 0.992826714900695 0.007173285099304986
 0.26086935580681814 0.7391306441931819
 0.9949999404663974 0.005000059533602554
 0.2620865313143712 0.7379134686856288
 0.9925420866162075 0.007457913383792565
 0.2604489031252383 0.7395510968747617
 0.997253023427236 0.0027469765727639183
 0.2654851912030373 0.7345148087969627
 0.9922590484668283 0.00774095153317163
 0.2649842786994494 0.7350157213005506
 0.9963015925006521 0.0036984074993478633
 0.2663630364529732 0.7336369635470269
 0.9942448873745812 0.005755112625419014
 0.2642814048162321 0.7357185951837679
 0.9942805053527615 0.005719494647238392
 0.26232901444957824 0.7376709855504218
 0.9942826428197173 0.005717357180282746
 0.26373135919902885 0.7362686408009712
 0.9940340745299516 0.005965925470048278
 0.2623139103759343 0.7376860896240657
 0.9946811514697291 0.0053188485302710425
 0.2639932605387321 0.7360067394612679
 0.9971058693767647 0.002894130623235211
 0.2711421601507635 0.7288578398492366
 0.9972940360913951 0.0027059639086047123
 0.2712613085345767 0.7287386914654232
 0.9973964376351923 0.0026035623648078534
 0.2724020685248463 0.727597931475154
 0.9970463469124557 0.00295365308754399
 0.27192531019604604 0.7280746898039537
 0.9965617562710913 0.0034382437289086332
 0.27034995039473536 0.7296500496052646
 0.9961883111367399 0.00381168886325999
 0.27013423681032495 0.7298657631896749
 0.9972919059759077 0.0027080940240923656
 0.2666592564174312 0.7333407435825686
 0.9974739963386029 0.00252600366139722
 0.26924148959928895 0.730758510400711
 0.9973243832891107 0.002675616710889269
 0.2699408397402759 0.7300591602597241
 0.997460305901372 0.00253969409862781
 0.2699673552797514 0.7300326447202486
 0.9925543989673339 0.007445601032666319
 0.2636230794086726 0.7363769205913275
 0.9959087916663726 0.004091208333627473
 0.2671887611639818 0.7328112388360182
 0.9969549546401304 0.0030450453598695826
 0.26741537385077363 0.7325846261492264
 0.9947312115140738 0.005268788485926217
 0.26527924873369574 0.7347207512663042
 0.9925055984605182 0.007494401539481827
 0.2639743621828688 0.7360256378171312
 0.9957913206429511 0.00420867935704892
 0.26526344970781823 0.7347365502921818
 0.9972312765997021 0.002768723400297827
 0.2690581010478407 0.730941898952159
 0.992125758043373 0.007874241956627163
 0.2628172018771885 0.7371827981228114
 0.9941217884191879 0.0058782115808119935
 0.26650711956411816 0.7334928804358819
 0.9939160412597522 0.006083958740247884
 0.2683250742082917 0.7316749257917082
 0.9939608531742163 0.006039146825783546
 0.2650424367301631 0.734957563269837
 0.9937604579072706 0.006239542092729273
 0.2701103020394891 0.729889697960511
 0.9935917241253154 0.006408275874684525
 0.27235127406895737 0.7276487259310425
 0.9969328567271847 0.00306714327281549
 0.2737977154606936 0.7262022845393065
 0.9965082852273445 0.0034917147726555354
 0.2755917217354594 0.7244082782645404
 0.9963971344786875 0.00360286552131259
 0.28027045601661216 0.7197295439833878
 0.99432130281586 0.005678697184140019
 0.2734674276276904 0.7265325723723096
 0.9918958698920721 0.008104130107927885
 0.2673134748172902 0.7326865251827098
 0.9943480580057521 0.005651941994248032
 0.2694975063438757 0.7305024936561244
 0.9918957588672475 0.008104241132752476
 0.26798168946379036 0.7320183105362097
 0.9966780867855568 0.003321913214443139
 0.2727272009492163 0.7272727990507837
 0.9941962340525377 0.005803765947462262
 0.26932017043071377 0.7306798295692859
 0.9972212709803291 0.0027787290196708554
 0.27484140728831147 0.7251585927116885
 0.9963370659067169 0.0036629340932832198
 0.2727814955279878 0.7272185044720122
 0.9956574658005266 0.004342534199473263
 0.2704501189362805 0.7295498810637195
 0.9934645399744975 0.006535460025502652
 0.2698517642764711 0.7301482357235288
 0.9936283292806632 0.006371670719336833
 0.2697031530259886 0.7302968469740114
 0.9971043807868247 0.0028956192131751016
 0.27460239487181637 0.7253976051281835
 0.997192186612612 0.0028078133873882397
 0.2748524014080999 0.7251475985919004
 0.9971418769528274 0.0028581230471725573
 0.274401350216631 0.7255986497833689
 0.9936675094892787 0.006332490510721137
 0.27115385151172 0.72884614848828
 0.9933192202238903 0.006680779776109788
 0.26963555693100294 0.7303644430689972
 0.993183660878887 0.006816339121113016
 0.2710263412543797 0.7289736587456204
 0.9962537048161995 0.0037462951838003813
 0.27872908970068744 0.7212709102993125
 0.996606128577054 0.0033938714229460342
 0.2775065729533091 0.7224934270466908
 0.9967796788059011 0.003220321194098897
 0.27598002683321 0.7240199731667901
 0.9913883091666748 0.008611690833325112
 0.2710671490205787 0.7289328509794213
 0.9936728882089614 0.006327111791038631
 0.2722557111011597 0.7277442888988405
 0.9968634472786007 0.003136552721399252
 0.27959889306824215 0.720401106931758
 0.997648789643205 0.0023512103567950734
 0.24127593493796248 0.7587240650620374
 0.9947731956442544 0.005226804355745537
 0.2508961581794966 0.7491038418205034
 0.9971679113719342 0.0028320886280658463
 0.26232515239214804 0.737674847607852
 0.9973414716027124 0.0026585283972876276
 0.2736951333977445 0.7263048666022556
 0.9951918972600079 0.00480810273999222
 0.274586920583391 0.7254130794166089
 0.9925571165466857 0.007442883453314324
 0.2767293767462997 0.7232706232537002
 0.9957760979608399 0.004223902039160055
 0.28703400562576253 0.7129659943742375
 0.9972751299668795 0.002724870033120306
 0.2746920089366153 0.7253079910633845
 0.9964668461487893 0.0035331538512108933
 0.2759952780870036 0.7240047219129965
 0.9950244956333201 0.00497550436667986
 0.28142005877674686 0.718579941223253
 0.9949053985680434 0.005094601431956565
 0.26777042062514755 0.7322295793748524
 0.9965874258166109 0.003412574183388976
 0.2642462657530461 0.7357537342469539
 0.9966917989597818 0.003308201040218236
 0.2638247947312577 0.7361752052687422
 0.9972789238302169 0.0027210761697831873
 0.2666648761676674 0.7333351238323327
 0.9969436930833604 0.003056306916639549
 0.279117810074831 0.720882189925169
 0.9968809243447366 0.0031190756552634366
 0.2690601149738189 0.7309398850261812
 0.9946627592423889 0.005337240757611065
 0.26502180305504447 0.7349781969449556
 0.9968788865699404 0.003121113430059381
 0.2649400537692944 0.7350599462307054
 0.9945886194995971 0.005411380500402899
 0.268354759307481 0.7316452406925189
 0.9951662954300767 0.004833704569923343
 0.26723815556815794 0.7327618444318422
 0.9959588290331317 0.004041170966868325
 0.25878239924468444 0.7412176007553155
 0.997177313539938 0.002822686460062247
 0.2654572288420508 0.7345427711579493
 0.9963833618123447 0.00361663818765527
 0.2685676365081822 0.7314323634918176
 0.9963593295148772 0.0036406704851231274
 0.2751359603744719 0.7248640396255283
 0.9950043289980757 0.004995671001924371
 0.26684014068616124 0.7331598593138389
 0.9950337690950826 0.004966230904917241
 0.26225902822084596 0.7377409717791539
 0.9975182941010396 0.0024817058989602607
 0.2599955832294254 0.7400044167705745
 0.9930560518662581 0.006943948133741897
 0.2615054343806404 0.7384945656193596
 0.9972985140862654 0.0027014859137345745
 0.2685340841349899 0.7314659158650101
 0.9929509090656253 0.007049090934374676
 0.26272829612269155 0.7372717038773084
 0.9972456603074827 0.0027543396925172646
 0.2649207852440369 0.7350792147559632
 0.9969401165629583 0.003059883437041592
 0.26880395757793435 0.7311960424220657
 0.9950454297779155 0.004954570222084416
 0.2659805335495489 0.734019466450451
 0.9964093777186281 0.00359062228137188
 0.2651534042541918 0.7348465957458082
 0.996590801153833 0.0034091988461669594
 0.26567500181920023 0.7343249981807998
 0.9977569049876002 0.0022430950123997827
 0.2659680440173644 0.7340319559826356
 0.9963630008609176 0.0036369991390825846
 0.2650778486852041 0.7349221513147961
 0.9976578559435402 0.0023421440564595193
 0.2649737997298307 0.7350262002701692
 0.9931117301623303 0.006888269837669691
 0.2601777199228346 0.7398222800771654
 0.997689505572776 0.0023104944272243078
 0.26630045320875007 0.73369954679125
 0.992826714900695 0.007173285099304986
 0.26086935580681814 0.7391306441931819
 0.9949999404663974 0.005000059533602554
 0.2620865313143712 0.7379134686856288
 0.9925420866162075 0.007457913383792565
 0.2604489031252383 0.7395510968747617
 0.997253023427236 0.0027469765727639183
 0.2654851912030373 0.7345148087969627
 0.9922590484668283 0.00774095153317163
 0.2649842786994494 0.7350157213005506
 0.9963015925006521 0.0036984074993478633
 0.2663630364529732 0.7336369635470269
 0.9942448873745812 0.005755112625419014
 0.2642814048162321 0.7357185951837679
 0.9942805053527615 0.005719494647238392
 0.26232901444957824 0.7376709855504218
 0.9942826428197173 0.005717357180282746
 0.26373135919902885 0.7362686408009712
 0.9940340745299516 0.005965925470048278
 0.2623139103759343 0.7376860896240657
 0.9946811514697291 0.0053188485302710425
 0.2639932605387321 0.7360067394612679
 0.9971058693767647 0.002894130623235211
 0.2711421601507635 0.7288578398492366
 0.9972940360913951 0.0027059639086047123
 0.2712613085345767 0.7287386914654232
 0.9973964376351923 0.0026035623648078534
 0.2724020685248463 0.727597931475154
 0.9970463469124557 0.00295365308754399
 0.27192531019604604 0.7280746898039537
 0.9965617562710913 0.0034382437289086332
 0.27034995039473536 0.7296500496052646
 0.9961883111367399 0.00381168886325999
 0.27013423681032495 0.7298657631896749
 0.9972919059759077 0.0027080940240923656
 0.2666592564174312 0.7333407435825686
 0.9974739963386029 0.00252600366139722
 0.26924148959928895 0.730758510400711
 0.9973243832891107 0.002675616710889269
 0.2699408397402759 0.7300591602597241
 0.997460305901372 0.00253969409862781
 0.2699673552797514 0.7300326447202486
 0.9925543989673339 0.007445601032666319
 0.2636230794086726 0.7363769205913275
 0.9959087916663726 0.004091208333627473
 0.2671887611639818 0.7328112388360182
 0.9969549546401304 0.0030450453598695826
 0.26741537385077363 0.7325846261492264
 0.9947312115140738 0.005268788485926217
 0.26527924873369574 0.7347207512663042
 0.9925055984605182 0.007494401539481827
 0.2639743621828688 0.7360256378171312
 0.9957913206429511 0.00420867935704892
 0.26526344970781823 0.7347365502921818
 0.9972312765997021 0.002768723400297827
 0.2690581010478407 0.730941898952159
 0.992125758043373 0.007874241956627163
 0.2628172018771885 0.7371827981228114
 0.9941217884191879 0.0058782115808119935
 0.26650711956411816 0.7334928804358819
 0.9939160412597522 0.006083958740247884
 0.2683250742082917 0.7316749257917082
 0.9939608531742163 0.006039146825783546
 0.2650424367301631 0.734957563269837
 0.9937604579072706 0.006239542092729273
 0.2701103020394891 0.729889697960511
 0.9935917241253154 0.006408275874684525
 0.27235127406895737 0.7276487259310425
 0.9969328567271847 0.00306714327281549
 0.2737977154606936 0.7262022845393065
 0.9965082852273445 0.0034917147726555354
 0.2755917217354594 0.7244082782645404
 0.9963971344786875 0.00360286552131259
 0.28027045601661216 0.7197295439833878
 0.99432130281586 0.005678697184140019
 0.2734674276276904 0.7265325723723096
 0.9918958698920721 0.008104130107927885
 0.2673134748172902 0.7326865251827098
 0.9943480580057521 0.005651941994248032
 0.2694975063438757 0.7305024936561244
 0.9918957588672475 0.008104241132752476
 0.26798168946379036 0.7320183105362097
 0.9966780867855568 0.003321913214443139
 0.2727272009492163 0.7272727990507837
 0.9941962340525377 0.005803765947462262
 0.26932017043071377 0.7306798295692859
 0.9972212709803291 0.0027787290196708554
 0.27484140728831147 0.7251585927116885
 0.9963370659067169 0.0036629340932832198
 0.2727814955279878 0.7272185044720122
 0.9956574658005266 0.004342534199473263
 0.2704501189362805 0.7295498810637195
 0.9934645399744975 0.006535460025502652
 0.2698517642764711 0.7301482357235288
 0.9936283292806632 0.006371670719336833
 0.2697031530259886 0.7302968469740114
 0.9971043807868247 0.0028956192131751016
 0.27460239487181637 0.7253976051281835
 0.997192186612612 0.0028078133873882397
 0.2748524014080999 0.7251475985919004
 0.9971418769528274 0.0028581230471725573
 0.274401350216631 0.7255986497833689
 0.9936675094892787 0.006332490510721137
 0.27115385151172 0.72884614848828
 0.9933192202238903 0.006680779776109788
 0.26963555693100294 0.7303644430689972
 0.993183660878887 0.006816339121113016
 0.2710263412543797 0.7289736587456204
 0.9962537048161995 0.0037462951838003813
 0.27872908970068744 0.7212709102993125
 0.996606128577054 0.0033938714229460342
 0.2775065729533091 0.7224934270466908
 0.9967796788059011 0.003220321194098897
 0.27598002683321 0.7240199731667901
 0.9913883091666748 0.008611690833325112
 0.2710671490205787 0.7289328509794213
 0.9936728882089614 0.006327111791038631
 0.2722557111011597 0.7277442888988405
 0.9968634472786007 0.003136552721399252
 0.27959889306824215 0.720401106931758
 0.997648789643205 0.0023512103567950734
 0.24127593493796248 0.7587240650620374
 0.9947731956442544 0.005226804355745537
 0.2508961581794966 0.7491038418205034
 0.9971679113719342 0.0028320886280658463
 0.26232515239214804 0.737674847607852
 0.9973414716027124 0.0026585283972876276
 0.2736951333977445 0.7263048666022556
 0.9951918972600079 0.00480810273999222
 0.274586920583391 0.7254130794166089
 0.9925571165466857 0.007442883453314324
 0.2767293767462997 0.7232706232537002
 0.9957760979608399 0.004223902039160055
 0.28703400562576253 0.7129659943742375
 0.9972751299668795 0.002724870033120306
 0.2746920089366153 0.7253079910633845
 0.9964668461487893 0.0035331538512108933
 0.2759952780870036 0.7240047219129965
 0.9950244956333201 0.00497550436667986
 0.28142005877674686 0.718579941223253
 0.9949053985680434 0.005094601431956565
 0.26777042062514755 0.7322295793748524
 0.9965874258166109 0.003412574183388976
 0.2642462657530461 0.7357537342469539
 0.9966917989597818 0.003308201040218236
 0.2638247947312577 0.7361752052687422
 0.9972789238302169 0.0027210761697831873
 0.2666648761676674 0.7333351238323327
 0.9969436930833604 0.003056306916639549
 0.279117810074831 0.720882189925169
 0.9968809243447366 0.0031190756552634366
 0.2690601149738189 0.7309398850261812
 0.9946627592423889 0.005337240757611065
 0.26502180305504447 0.7349781969449556
 0.9968788865699404 0.003121113430059381
 0.2649400537692944 0.7350599462307054
 0.9945886194995971 0.005411380500402899
 0.268354759307481 0.7316452406925189
 0.9951662954300767 0.004833704569923343
 0.26723815556815794 0.7327618444318422
 0.9959588290331317 0.004041170966868325
 0.25878239924468444 0.7412176007553155
 0.997177313539938 0.002822686460062247
 0.2654572288420508 0.7345427711579493
 0.9963833618123447 0.00361663818765527
 0.2685676365081822 0.7314323634918176
 0.9963593295148772 0.0036406704851231274
 0.2751359603744719 0.7248640396255283
 0.9950043289980757 0.004995671001924371
 0.26684014068616124 0.7331598593138389
 0.9950337690950826 0.004966230904917241
 0.26225902822084596 0.7377409717791539
 0.9975182941010396 0.0024817058989602607
 0.2599955832294254 0.7400044167705745
 0.9930560518662581 0.006943948133741897
 0.2615054343806404 0.7384945656193596
 0.9972985140862654 0.0027014859137345745
 0.2685340841349899 0.7314659158650101
 0.9929509090656253 0.007049090934374676
 0.26272829612269155 0.7372717038773084
 0.9972456603074827 0.0027543396925172646
 0.2649207852440369 0.7350792147559632
 0.9969401165629583 0.003059883437041592
 0.26880395757793435 0.7311960424220657
 0.9950454297779155 0.004954570222084416
 0.2659805335495489 0.734019466450451
 0.9964093777186281 0.00359062228137188
 0.2651534042541918 0.7348465957458082
 0.996590801153833 0.0034091988461669594
 0.26567500181920023 0.7343249981807998
 0.9977569049876002 0.0022430950123997827
 0.2659680440173644 0.7340319559826356
 0.9963630008609176 0.0036369991390825846
 0.2650778486852041 0.7349221513147961
 0.9976578559435402 0.0023421440564595193
 0.2649737997298307 0.7350262002701692
 0.9931117301623303 0.006888269837669691
 0.2601777199228346 0.7398222800771654
 0.997689505572776 0.0023104944272243078
 0.26630045320875007 0.73369954679125
 0.992826714900695 0.007173285099304986
 0.26086935580681814 0.7391306441931819
 0.9949999404663974 0.005000059533602554
 0.2620865313143712 0.7379134686856288
 0.9925420866162075 0.007457913383792565
 0.2604489031252383 0.7395510968747617
 0.997253023427236 0.0027469765727639183
 0.2654851912030373 0.7345148087969627
 0.9922590484668283 0.00774095153317163
 0.2649842786994494 0.7350157213005506
 0.9963015925006521 0.0036984074993478633
 0.2663630364529732 0.7336369635470269
 0.9942448873745812 0.005755112625419014
 0.2642814048162321 0.7357185951837679
 0.9942805053527615 0.005719494647238392
 0.26232901444957824 0.7376709855504218
 0.9942826428197173 0.005717357180282746
 0.26373135919902885 0.7362686408009712
 0.9940340745299516 0.005965925470048278
 0.2623139103759343 0.7376860896240657
 0.9946811514697291 0.0053188485302710425
 0.2639932605387321 0.7360067394612679
 0.9971058693767647 0.002894130623235211
 0.2711421601507635 0.7288578398492366
 0.9972940360913951 0.0027059639086047123
 0.2712613085345767 0.7287386914654232
 0.9973964376351923 0.0026035623648078534
 0.2724020685248463 0.727597931475154
 0.9970463469124557 0.00295365308754399
 0.27192531019604604 0.7280746898039537
 0.9965617562710913 0.0034382437289086332
 0.27034995039473536 0.7296500496052646
 0.9961883111367399 0.00381168886325999
 0.27013423681032495 0.7298657631896749
 0.9972919059759077 0.0027080940240923656
 0.2666592564174312 0.7333407435825686
 0.9974739963386029 0.00252600366139722
 0.26924148959928895 0.730758510400711
 0.9973243832891107 0.002675616710889269
 0.2699408397402759 0.7300591602597241
 0.997460305901372 0.00253969409862781
 0.2699673552797514 0.7300326447202486
 0.9925543989673339 0.007445601032666319
 0.2636230794086726 0.7363769205913275
 0.9959087916663726 0.004091208333627473
 0.2671887611639818 0.7328112388360182
 0.9969549546401304 0.0030450453598695826
 0.26741537385077363 0.7325846261492264
 0.9947312115140738 0.005268788485926217
 0.26527924873369574 0.7347207512663042
 0.9925055984605182 0.007494401539481827
 0.2639743621828688 0.7360256378171312
 0.9957913206429511 0.00420867935704892
 0.26526344970781823 0.7347365502921818
 0.9972312765997021 0.002768723400297827
 0.2690581010478407 0.730941898952159
 0.992125758043373 0.007874241956627163
 0.2628172018771885 0.7371827981228114
 0.9941217884191879 0.0058782115808119935
 0.26650711956411816 0.7334928804358819
 0.9939160412597522 0.006083958740247884
 0.2683250742082917 0.7316749257917082
 0.9939608531742163 0.006039146825783546
 0.2650424367301631 0.734957563269837
 0.9937604579072706 0.006239542092729273
 0.2701103020394891 0.729889697960511
 0.9935917241253154 0.006408275874684525
 0.27235127406895737 0.7276487259310425
 0.9969328567271847 0.00306714327281549
 0.2737977154606936 0.7262022845393065
 0.9965082852273445 0.0034917147726555354
 0.2755917217354594 0.7244082782645404
 0.9963971344786875 0.00360286552131259
 0.28027045601661216 0.7197295439833878
 0.99432130281586 0.005678697184140019
 0.2734674276276904 0.7265325723723096
 0.9918958698920721 0.008104130107927885
 0.2673134748172902 0.7326865251827098
 0.9943480580057521 0.005651941994248032
 0.2694975063438757 0.7305024936561244
 0.9918957588672475 0.008104241132752476
 0.26798168946379036 0.7320183105362097
 0.9966780867855568 0.003321913214443139
 0.2727272009492163 0.7272727990507837
 0.9941962340525377 0.005803765947462262
 0.26932017043071377 0.7306798295692859
 0.9972212709803291 0.0027787290196708554
 0.27484140728831147 0.7251585927116885
 0.9963370659067169 0.0036629340932832198
 0.2727814955279878 0.7272185044720122
 0.9956574658005266 0.004342534199473263
 0.2704501189362805 0.7295498810637195
 0.9934645399744975 0.006535460025502652
 0.2698517642764711 0.7301482357235288
 0.9936283292806632 0.006371670719336833
 0.2697031530259886 0.7302968469740114
 0.9971043807868247 0.0028956192131751016
 0.27460239487181637 0.7253976051281835
 0.997192186612612 0.0028078133873882397
 0.2748524014080999 0.7251475985919004
 0.9971418769528274 0.0028581230471725573
 0.274401350216631 0.7255986497833689
 0.9936675094892787 0.006332490510721137
 0.27115385151172 0.72884614848828
 0.9933192202238903 0.006680779776109788
 0.26963555693100294 0.7303644430689972
 0.993183660878887 0.006816339121113016
 0.2710263412543797 0.7289736587456204
 0.9962537048161995 0.0037462951838003813
 0.27872908970068744 0.7212709102993125
 0.996606128577054 0.0033938714229460342
 0.2775065729533091 0.7224934270466908
 0.9967796788059011 0.003220321194098897
 0.27598002683321 0.7240199731667901
 0.9913883091666748 0.008611690833325112
 0.2710671490205787 0.7289328509794213
 0.9936728882089614 0.006327111791038631
 0.2722557111011597 0.7277442888988405
 0.9968634472786007 0.003136552721399252
 0.27959889306824215 0.720401106931758
 0.997648789643205 0.0023512103567950734
 0.24127593493796248 0.7587240650620374
 0.9947731956442544 0.005226804355745537
 0.2508961581794966 0.7491038418205034
 0.9971679113719342 0.0028320886280658463
 0.26232515239214804 0.737674847607852
 0.9973414716027124 0.0026585283972876276
 0.2736951333977445 0.7263048666022556
 0.9951918972600079 0.00480810273999222
 0.274586920583391 0.7254130794166089
 0.9925571165466857 0.007442883453314324
 0.2767293767462997 0.7232706232537002
 0.9957760979608399 0.004223902039160055
 0.28703400562576253 0.7129659943742375
 0.9972751299668795 0.002724870033120306
 0.2746920089366153 0.7253079910633845
 0.9964668461487893 0.0035331538512108933
 0.2759952780870036 0.7240047219129965
 0.9950244956333201 0.00497550436667986
 0.28142005877674686 0.718579941223253
 0.9949053985680434 0.005094601431956565
 0.26777042062514755 0.7322295793748524
 0.9965874258166109 0.003412574183388976
 0.2642462657530461 0.7357537342469539
 0.9966917989597818 0.003308201040218236
 0.2638247947312577 0.7361752052687422
 0.9972789238302169 0.0027210761697831873
 0.2666648761676674 0.7333351238323327
 0.9969436930833604 0.003056306916639549
 0.279117810074831 0.720882189925169
 0.9968809243447366 0.0031190756552634366
 0.2690601149738189 0.7309398850261812
 0.9946627592423889 0.005337240757611065
 0.26502180305504447 0.7349781969449556
 0.9968788865699404 0.003121113430059381
 0.2649400537692944 0.7350599462307054
 0.9945886194995971 0.005411380500402899
 0.268354759307481 0.7316452406925189
 0.9951662954300767 0.004833704569923343
 0.26723815556815794 0.7327618444318422
 0.9959588290331317 0.004041170966868325
 0.25878239924468444 0.7412176007553155
 0.997177313539938 0.002822686460062247
 0.2654572288420508 0.7345427711579493
 0.9963833618123447 0.00361663818765527
 0.2685676365081822 0.7314323634918176
 0.9963593295148772 0.0036406704851231274
 0.2751359603744719 0.7248640396255283
 0.9950043289980757 0.004995671001924371
 0.26684014068616124 0.7331598593138389
 0.9950337690950826 0.004966230904917241
 0.26225902822084596 0.7377409717791539
 0.9975182941010396 0.0024817058989602607
 0.2599955832294254 0.7400044167705745
 0.9930560518662581 0.006943948133741897
 0.2615054343806404 0.7384945656193596
 0.9972985140862654 0.0027014859137345745
 0.2685340841349899 0.7314659158650101
 0.9929509090656253 0.007049090934374676
 0.26272829612269155 0.7372717038773084
 0.9972456603074827 0.0027543396925172646
 0.2649207852440369 0.7350792147559632
 0.9969401165629583 0.003059883437041592
 0.26880395757793435 0.7311960424220657
 0.9950454297779155 0.004954570222084416
 0.2659805335495489 0.734019466450451
 0.9964093777186281 0.00359062228137188
 0.2651534042541918 0.7348465957458082
 0.996590801153833 0.0034091988461669594
 0.26567500181920023 0.7343249981807998
 0.9977569049876002 0.0022430950123997827
 0.2659680440173644 0.7340319559826356
 0.9963630008609176 0.0036369991390825846
 0.2650778486852041 0.7349221513147961
 0.9976578559435402 0.0023421440564595193
 0.2649737997298307 0.7350262002701692
 0.9931117301623303 0.006888269837669691
 0.2601777199228346 0.7398222800771654
 0.997689505572776 0.0023104944272243078
 0.26630045320875007 0.73369954679125
 0.992826714900695 0.007173285099304986
 0.26086935580681814 0.7391306441931819
 0.997648789643205 0.0023512103567950734
 0.24127593493796248 0.7587240650620374
 0.9947731956442544 0.005226804355745537
 0.2508961581794966 0.7491038418205034
 0.9971679113719342 0.0028320886280658463
 0.26232515239214804 0.737674847607852
 0.9973414716027124 0.0026585283972876276
 0.2736951333977445 0.7263048666022556
 0.9951918972600079 0.00480810273999222
 0.274586920583391 0.7254130794166089
 0.9925571165466857 0.007442883453314324
 0.2767293767462997 0.7232706232537002
 0.9957760979608399 0.004223902039160055
 0.28703400562576253 0.7129659943742375
 0.9972751299668795 0.002724870033120306
 0.2746920089366153 0.7253079910633845
 0.9964668461487893 0.0035331538512108933
 0.2759952780870036 0.7240047219129965
 0.9950244956333201 0.00497550436667986
 0.28142005877674686 0.718579941223253
 0.9949053985680434 0.005094601431956565
 0.26777042062514755 0.7322295793748524
 0.9965874258166109 0.003412574183388976
 0.2642462657530461 0.7357537342469539
 0.9966917989597818 0.003308201040218236
 0.2638247947312577 0.7361752052687422
 0.9972789238302169 0.0027210761697831873
 0.2666648761676674 0.7333351238323327
 0.9969436930833604 0.003056306916639549
 0.279117810074831 0.720882189925169
 0.9968809243447366 0.0031190756552634366
 0.2690601149738189 0.7309398850261812
 0.9946627592423889 0.005337240757611065
 0.26502180305504447 0.7349781969449556
 0.9968788865699404 0.003121113430059381
 0.2649400537692944 0.7350599462307054
 0.9945886194995971 0.005411380500402899
 0.268354759307481 0.7316452406925189
 0.9951662954300767 0.004833704569923343
 0.26723815556815794 0.7327618444318422
 0.9959588290331317 0.004041170966868325
 0.25878239924468444 0.7412176007553155
 0.997177313539938 0.002822686460062247
 0.2654572288420508 0.7345427711579493
 0.9963833618123447 0.00361663818765527
 0.2685676365081822 0.7314323634918176
 0.9963593295148772 0.0036406704851231274
 0.2751359603744719 0.7248640396255283
 0.9950043289980757 0.004995671001924371
 0.26684014068616124 0.7331598593138389
 0.9950337690950826 0.004966230904917241
 0.26225902822084596 0.7377409717791539
 0.9975182941010396 0.0024817058989602607
 0.2599955832294254 0.7400044167705745
 0.9930560518662581 0.006943948133741897
 0.2615054343806404 0.7384945656193596
 0.9972985140862654 0.0027014859137345745
 0.2685340841349899 0.7314659158650101
 0.9929509090656253 0.007049090934374676
 0.26272829612269155 0.7372717038773084
 0.9972456603074827 0.0027543396925172646
 0.2649207852440369 0.7350792147559632
 0.9969401165629583 0.003059883437041592
 0.26880395757793435 0.7311960424220657
 0.9950454297779155 0.004954570222084416
 0.2659805335495489 0.734019466450451
 0.9964093777186281 0.00359062228137188
 0.2651534042541918 0.7348465957458082
 0.996590801153833 0.0034091988461669594
 0.26567500181920023 0.7343249981807998
 0.9977569049876002 0.0022430950123997827
 0.2659680440173644 0.7340319559826356
 0.9963630008609176 0.0036369991390825846
 0.2650778486852041 0.7349221513147961
 0.9976578559435402 0.0023421440564595193
 0.2649737997298307 0.7350262002701692
 0.9931117301623303 0.006888269837669691
 0.2601777199228346 0.7398222800771654
 0.997689505572776 0.0023104944272243078
 0.26630045320875007 0.73369954679125
 0.992826714900695 0.007173285099304986
 0.26086935580681814 0.7391306441931819
