 2.2184067954900932 0.0 0.0 0.0 0.0 0.4404227220434942 1.158143444948061 1.8945187890095694 2.1973773365854843 2.434777293605193
 2.2184067954900932 0.0 0.0 0.0 0.0 0.4404227220434942 1.158143444948061 1.8945187890095694 2.1973773365854843 2.434777293605193
 2.2184067954900932 0.0 0.0 0.0 0.0 0.4404227220434942 1.158143444948061 1.8945187890095694 2.1973773365854843 2.434777293605193
 2.2184067954900932 0.0 0.0 0.0 0.0 0.4404227220434942 1.158143444948061 1.8945187890095694 2.1973773365854843 2.434777293605193
 2.2184067954900932 0.0 0.0 0.0 0.0 0.4404227220434942 1.158143444948061 1.8945187890095694 2.1973773365854843 2.434777293605193
 2.2184067954900932 0.0 0.0 0.0 0.0 0.4404227220434942 1.158143444948061 1.8945187890095694 2.1973773365854843 2.434777293605193
 1.7043840941711572 0.0 0.0 0.0 0.0 0.26133226276220745 1.143368401486109 1.5122219646621806 1.7368841651292328 1.845069476632843
 1.7043840941711572 0.0 0.0 0.0 0.0 0.26133226276220745 1.143368401486109 1.5122219646621806 1.7368841651292328 1.845069476632843
 -20.547772178003015 -20.547772178003015 -20.547772178003015 -20.547772178003015 -20.547772178003015 -20.547772178003015 -20.547772178003015 -20.547772178003015 -20.547772178003015 -20.547772178003015 -20.547772178003015 -20.547772178003015 -20.547772178003015 -20.547772178003015 -20.547772178003015 -20.547772178003015 -20.547772178003015 -20.547772178003015 -20.547772178003015 -20.547772178003015 -20.547772178003015 -20.547772178003015 -20.547772178003015 -20.547772178003015 -20.547772178003015 -20.547772178003015 -20.547772178003015 -20.547772178003015 -20.547772178003015 -20.547772178003015 -20.547772178003015 -20.547772178003015 -20.547772178003015 -20.547772178003015 -20.547772178003015 -20.547772178003015 -20.547772178003015 -20.547772178003015 -20.547772178003015 -20.547772178003015 -20.547772178003015 -20.547772178003015 -20.547772178003015 -20.547772178003015 -20.547772178003015 -20.547772178003015 -20.547772178003015 -20.547772178003015 -20.547772178003015 -20.547772178003015 -20.547772178003015 -20.547772178003015 -20.547772178003015 -20.547772178003015 -20.547772178003015 -20.547772178003015 -20.547772178003015 -20.547772178003015 -20.547772178003015 -20.547772178003015 -20.547772178003015 -20.547772178003015 -20.547772178003015 -20.547772178003015 -20.547772178003015 -20.547772178003015 -20.547772178003015 -20.547772178003015 -20.547772178003015 -20.547772178003015 -20.547772178003015 -20.547772178003015 -20.547772178003015 -20.547772178003015 -20.547772178003015 -20.547772178003015 -20.547772178003015 -20.547772178003015 -20.547772178003015 -20.547772178003015 -20.547772178003015 -20.547772178003015 -20.547772178003015 -20.547772178003015 -20.547772178003015 -20.547772178003015 -20.547772178003015 -20.547772178003015 -20.547772178003015 -20.547772178003015 -20.547772178003015 -20.547772178003015 -20.547772178003015 -20.547772178003015 -20.547772178003015 -20.547772178003015 -20.547772178003015 -20.547772178003015 -20.547772178003015 -20.547772178003015 -20.547772178003015
 -0.006301681653894775 -0.006301681653894775 -0.006301681653894775 -0.006301681653894775 -0.006301681653894775 -0.006301681653894775 -0.006301681653894775 -0.006301681653894775 -0.006301681653894775 -0.006301681653894775 -0.006301681653894775 -0.006301681653894775 -0.006301681653894775 -0.006301681653894775 -0.006301681653894775 -0.006301681653894775 -0.006301681653894775 -0.006301681653894775 -0.006301681653894775 -0.006301681653894775 -0.006301681653894775 -0.006301681653894775 -0.006301681653894775 -0.006301681653894775 -0.006301681653894775 -0.006301681653894775 -0.006301681653894775 -0.006301681653894775 -0.006301681653894775 -0.006301681653894775 -0.006301681653894775 -0.006301681653894775 -0.006301681653894775 -0.006301681653894775 -0.006301681653894775 -0.006301681653894775 -0.006301681653894775 -0.006301681653894775 -0.006301681653894775 -0.006301681653894775 -0.006301681653894775 -0.006301681653894775 -0.006301681653894775 -0.006301681653894775 -0.006301681653894775 -0.006301681653894775 -0.006301681653894775 -0.006301681653894775 -0.006301681653894775 -0.006301681653894775 -0.006301681653894775 -0.006301681653894775 -0.006301681653894775 -0.006301681653894775 -0.006301681653894775 -0.006301681653894775 -0.006301681653894775 -0.006301681653894775 -0.006301681653894775 -0.006301681653894775 -0.006301681653894775 -0.006301681653894775 -0.006301681653894775 -0.006301681653894775 -0.006301681653894775 -0.006301681653894775 -0.006301681653894775 -0.006301681653894775 -0.006301681653894775 -0.006301681653894775 -0.006301681653894775 -0.006301681653894775 -0.006301681653894775 -0.006301681653894775 -0.006301681653894775 -0.006301681653894775 -0.006301681653894775 -0.006301681653894775 -0.006301681653894775 -0.006301681653894775 -0.006301681653894775 -0.006301681653894775 -0.006301681653894775 -0.006301681653894775 -0.006301681653894775 -0.006301681653894775 -0.006301681653894775 -0.006301681653894775 -0.006301681653894775 -0.006301681653894775 -0.006301681653894775 -0.006301681653894775 -0.006301681653894775 -0.006301681653894775 -0.006301681653894775 -0.006301681653894775 -0.006301681653894775 -0.006301681653894775 -0.006301681653894775 -0.006301681653894775 -0.006301681653894775
 9.173180008019699E-4 9.173180008019699E-4 9.173180008019699E-4 9.173180008019699E-4 9.173180008019699E-4 9.173180008019699E-4 9.173180008019699E-4 9.173180008019699E-4 9.173180008019699E-4 9.173180008019699E-4 9.173180008019699E-4 9.173180008019699E-4 9.173180008019699E-4 9.173180008019699E-4 9.173180008019699E-4 9.173180008019699E-4 9.173180008019699E-4 9.173180008019699E-4 9.173180008019699E-4 9.173180008019699E-4 9.173180008019699E-4 9.173180008019699E-4 9.173180008019699E-4 9.173180008019699E-4 9.173180008019699E-4 9.173180008019699E-4 9.173180008019699E-4 9.173180008019699E-4 9.173180008019699E-4 9.173180008019699E-4 9.173180008019699E-4 9.173180008019699E-4 9.173180008019699E-4 9.173180008019699E-4 9.173180008019699E-4 9.173180008019699E-4 9.173180008019699E-4 9.173180008019699E-4 9.173180008019699E-4 9.173180008019699E-4 9.173180008019699E-4 9.173180008019699E-4 9.173180008019699E-4 9.173180008019699E-4 9.173180008019699E-4 9.173180008019699E-4 9.173180008019699E-4 9.173180008019699E-4 9.173180008019699E-4 9.173180008019699E-4 9.173180008019699E-4 9.173180008019699E-4 9.173180008019699E-4 9.173180008019699E-4 9.173180008019699E-4 9.173180008019699E-4 9.173180008019699E-4 9.173180008019699E-4 9.173180008019699E-4 9.173180008019699E-4 9.173180008019699E-4 9.173180008019699E-4 9.173180008019699E-4 9.173180008019699E-4 9.173180008019699E-4 9.173180008019699E-4 9.173180008019699E-4 9.173180008019699E-4 9.173180008019699E-4 9.173180008019699E-4 9.173180008019699E-4 9.173180008019699E-4 9.173180008019699E-4 9.173180008019699E-4 9.173180008019699E-4 9.173180008019699E-4 9.173180008019699E-4 9.173180008019699E-4 9.173180008019699E-4 9.173180008019699E-4 9.173180008019699E-4 9.173180008019699E-4 9.173180008019699E-4 9.173180008019699E-4 9.173180008019699E-4 9.173180008019699E-4 9.173180008019699E-4 9.173180008019699E-4 9.173180008019699E-4 9.173180008019699E-4 9.173180008019699E-4 9.173180008019699E-4 9.173180008019699E-4 9.173180008019699E-4 9.173180008019699E-4 9.173180008019699E-4 9.173180008019699E-4 9.173180008019699E-4 9.173180008019699E-4 9.173180008019699E-4 9.173180008019699E-4
 0.001144346916817085 0.001144346916817085 0.001144346916817085 0.001144346916817085 0.001144346916817085 0.001144346916817085 0.001144346916817085 0.001144346916817085 0.001144346916817085 0.001144346916817085 0.001144346916817085 0.001144346916817085 0.001144346916817085 0.001144346916817085 0.001144346916817085 0.001144346916817085 0.001144346916817085 0.001144346916817085 0.001144346916817085 0.001144346916817085 0.001144346916817085 0.001144346916817085 0.001144346916817085 0.001144346916817085 0.001144346916817085 0.001144346916817085 0.001144346916817085 0.001144346916817085 0.001144346916817085 0.001144346916817085 0.001144346916817085 0.001144346916817085 0.001144346916817085 0.001144346916817085 0.001144346916817085 0.001144346916817085 0.001144346916817085 0.001144346916817085 0.001144346916817085 0.001144346916817085 0.001144346916817085 0.001144346916817085 0.001144346916817085 0.001144346916817085 0.001144346916817085 0.001144346916817085 0.001144346916817085 0.001144346916817085 0.001144346916817085 0.001144346916817085 0.001144346916817085 0.001144346916817085 0.001144346916817085 0.001144346916817085 0.001144346916817085 0.001144346916817085 0.001144346916817085 0.001144346916817085 0.001144346916817085 0.001144346916817085 0.001144346916817085 0.001144346916817085 0.001144346916817085 0.001144346916817085 0.001144346916817085 0.001144346916817085 0.001144346916817085 0.001144346916817085 0.001144346916817085 0.001144346916817085 0.001144346916817085 0.001144346916817085 0.001144346916817085 0.001144346916817085 0.001144346916817085 0.001144346916817085 0.001144346916817085 0.001144346916817085 0.001144346916817085 0.001144346916817085 0.001144346916817085 0.001144346916817085 0.001144346916817085 0.001144346916817085 0.001144346916817085 0.001144346916817085 0.001144346916817085 0.001144346916817085 0.001144346916817085 0.001144346916817085 0.001144346916817085 0.001144346916817085 0.001144346916817085 0.001144346916817085 0.001144346916817085 0.001144346916817085 0.001144346916817085 0.001144346916817085 0.001144346916817085 0.001144346916817085 0.001144346916817085
 0.0026600182466154365 0.0026600182466154365 -0.0026600182466154365 0.0026600182466154365 0.0026600182466154365 -0.0026600182466154365 -0.0026600182466154365 -0.0026600182466154365 0.0026600182466154365 -0.0026600182466154365 -0.0026600182466154365 0.0026600182466154365 -0.0026600182466154365 -0.0026600182466154365 0.0026600182466154365 0.0026600182466154365 0.0026600182466154365 0.0026600182466154365 -0.0026600182466154365 0.0026600182466154365 -0.0026600182466154365 -0.0026600182466154365 0.0026600182466154365 0.0026600182466154365 0.0026600182466154365 0.0026600182466154365 0.0026600182466154365 0.0026600182466154365 -0.0026600182466154365 0.0026600182466154365 -0.0026600182466154365 -0.0026600182466154365 0.0026600182466154365 -0.0026600182466154365 -0.0026600182466154365 -0.0026600182466154365 0.0026600182466154365 0.0026600182466154365 -0.0026600182466154365 0.0026600182466154365 -0.0026600182466154365 -0.0026600182466154365 0.0026600182466154365 0.0026600182466154365 -0.0026600182466154365 -0.0026600182466154365 -0.0026600182466154365 0.0026600182466154365 -0.0026600182466154365 0.0026600182466154365 0.0026600182466154365 0.0026600182466154365 -0.0026600182466154365 -0.0026600182466154365 -0.0026600182466154365 0.0026600182466154365 0.0026600182466154365 -0.0026600182466154365 0.0026600182466154365 0.0026600182466154365 0.0026600182466154365 0.0026600182466154365 0.0026600182466154365 0.0026600182466154365 0.0026600182466154365 -0.0026600182466154365 -0.0026600182466154365 -0.0026600182466154365 0.0026600182466154365 0.0026600182466154365 0.0026600182466154365 0.0026600182466154365 -0.0026600182466154365 0.0026600182466154365 0.0026600182466154365 -0.0026600182466154365 0.0026600182466154365 0.0026600182466154365 0.0026600182466154365 -0.0026600182466154365 -0.0026600182466154365 -0.0026600182466154365 -0.0026600182466154365 0.0026600182466154365 -0.0026600182466154365 0.0026600182466154365 -0.0026600182466154365 -0.0026600182466154365 -0.0026600182466154365 -0.0026600182466154365 -0.0026600182466154365 -0.0026600182466154365 0.0026600182466154365 -0.0026600182466154365 -0.0026600182466154365 0.0026600182466154365 -0.0026600182466154365 -0.0026600182466154365 -0.0026600182466154365 -0.0026600182466154365 0.0026600182466154365
 0.00266100315843687 0.00266100315843687 -0.00266100315843687 0.00266100315843687 0.00266100315843687 -0.00266100315843687 -0.00266100315843687 -0.00266100315843687 0.00266100315843687 -0.00266100315843687 -0.00266100315843687 0.00266100315843687 -0.00266100315843687 -0.00266100315843687 0.00266100315843687 0.00266100315843687 0.00266100315843687 0.00266100315843687 -0.00266100315843687 0.00266100315843687 -0.00266100315843687 -0.00266100315843687 0.00266100315843687 0.00266100315843687 0.00266100315843687 0.00266100315843687 0.00266100315843687 0.00266100315843687 -0.00266100315843687 0.00266100315843687 -0.00266100315843687 -0.00266100315843687 0.00266100315843687 -0.00266100315843687 -0.00266100315843687 -0.00266100315843687 0.00266100315843687 0.00266100315843687 -0.00266100315843687 0.00266100315843687 -0.00266100315843687 -0.00266100315843687 0.00266100315843687 0.00266100315843687 -0.00266100315843687 -0.00266100315843687 -0.00266100315843687 0.00266100315843687 -0.00266100315843687 0.00266100315843687 0.00266100315843687 0.00266100315843687 -0.00266100315843687 -0.00266100315843687 -0.00266100315843687 0.00266100315843687 0.00266100315843687 -0.00266100315843687 0.00266100315843687 0.00266100315843687 0.00266100315843687 0.00266100315843687 0.00266100315843687 0.00266100315843687 0.00266100315843687 -0.00266100315843687 -0.00266100315843687 -0.00266100315843687 0.00266100315843687 0.00266100315843687 0.00266100315843687 0.00266100315843687 -0.00266100315843687 -0.00266100315843687 0.00266100315843687 -0.00266100315843687 0.00266100315843687 0.00266100315843687 0.00266100315843687 -0.00266100315843687 -0.00266100315843687 -0.00266100315843687 -0.00266100315843687 0.00266100315843687 -0.00266100315843687 0.00266100315843687 -0.00266100315843687 -0.00266100315843687 -0.00266100315843687 -0.00266100315843687 -0.00266100315843687 -0.00266100315843687 0.00266100315843687 -0.00266100315843687 -0.00266100315843687 0.00266100315843687 -0.00266100315843687 -0.00266100315843687 -0.00266100315843687 -0.00266100315843687 0.00266100315843687
 0.011451724257085516 0.011451724257085516 -0.011451724257085516 0.011451724257085516 0.011451724257085516 -0.011451724257085516 -0.011451724257085516 -0.011451724257085516 0.011451724257085516 -0.011451724257085516 -0.011451724257085516 0.011451724257085516 -0.011451724257085516 -0.011451724257085516 0.011451724257085516 0.011451724257085516 0.011451724257085516 0.011451724257085516 -0.011451724257085516 0.011451724257085516 -0.011451724257085516 -0.011451724257085516 0.011451724257085516 0.011451724257085516 0.011451724257085516 0.011451724257085516 0.011451724257085516 0.011451724257085516 -0.011451724257085516 0.011451724257085516 -0.011451724257085516 -0.011451724257085516 0.011451724257085516 -0.011451724257085516 -0.011451724257085516 -0.011451724257085516 0.011451724257085516 0.011451724257085516 -0.011451724257085516 0.011451724257085516 -0.011451724257085516 -0.011451724257085516 0.011451724257085516 0.011451724257085516 -0.011451724257085516 -0.011451724257085516 -0.011451724257085516 0.011451724257085516 -0.011451724257085516 0.011451724257085516 0.011451724257085516 0.011451724257085516 -0.011451724257085516 -0.011451724257085516 -0.011451724257085516 0.011451724257085516 0.011451724257085516 -0.011451724257085516 0.011451724257085516 0.011451724257085516 0.011451724257085516 0.011451724257085516 0.011451724257085516 0.011451724257085516 0.011451724257085516 -0.011451724257085516 -0.011451724257085516 -0.011451724257085516 0.011451724257085516 0.011451724257085516 0.011451724257085516 0.011451724257085516 -0.011451724257085516 -0.0018791284107919637 0.011451724257085516 -0.011451724257085516 0.011451724257085516 0.011451724257085516 0.011451724257085516 -0.011451724257085516 -0.011451724257085516 -0.011451724257085516 -0.011451724257085516 0.011451724257085516 -0.011451724257085516 0.011451724257085516 -0.011451724257085516 -0.011451724257085516 -0.011451724257085516 -0.011451724257085516 -0.011451724257085516 -0.011451724257085516 0.011451724257085516 -0.011451724257085516 -0.011451724257085516 0.011451724257085516 -0.011451724257085516 -0.011451724257085516 -0.011451724257085516 -0.011451724257085516 0.011451724257085516
 0.26610031583800264 0.26610031583800264 -0.26610031583800264 0.26610031583800264 0.26610031583800264 -0.26610031583800264 -0.26610031583800264 -0.26610031583800264 0.26610031583800264 -0.26610031583800264 -0.26610031583800264 0.26610031583800264 -0.26610031583800264 -0.26610031583800264 0.26610031583800264 0.26610031583800264 0.26610031583800264 0.26610031583800264 -0.26610031583800264 0.26610031583800264 -0.26610031583800264 -0.26610031583800264 0.26610031583800264 0.26610031583800264 0.26610031583800264 0.26610031583800264 0.26610031583800264 0.26610031583800264 -0.26610031583800264 0.26610031583800264 -0.26610031583800264 -0.26610031583800264 0.26610031583800264 -0.26610031583800264 -0.26610031583800264 -0.26610031583800264 0.26610031583800264 0.26610031583800264 -0.26610031583800264 0.26610031583800264 -0.26610031583800264 -0.26610031583800264 0.26610031583800264 0.26610031583800264 -0.26610031583800264 -0.26610031583800264 -0.26610031583800264 0.26610031583800264 -0.26610031583800264 0.26610031583800264 0.26610031583800264 0.26610031583800264 -0.26610031583800264 -0.26610031583800264 -0.26610031583800264 0.26610031583800264 0.26610031583800264 -0.26610031583800264 0.26610031583800264 0.26610031583800264 0.26610031583800264 0.26610031583800264 0.26610031583800264 0.26610031583800264 0.26610031583800264 -0.26610031583800264 -0.26610031583800264 -0.26610031583800264 0.26610031583800264 0.26610031583800264 0.26610031583800264 0.26610031583800264 -0.26610031583800264 -0.26610031583800264 0.26610031583800264 -0.26610031583800264 0.26610031583800264 0.26610031583800264 0.26610031583800264 -0.26610031583800264 -0.26610031583800264 -0.26610031583800264 -0.26610031583800264 0.26610031583800264 -0.26610031583800264 0.26610031583800264 -0.26610031583800264 -0.26610031583800264 -0.26610031583800264 -0.26610031583800264 -0.26610031583800264 -0.26610031583800264 0.26610031583800264 -0.26610031583800264 -0.26610031583800264 0.26610031583800264 -0.26610031583800264 -0.26610031583800264 -0.26610031583800264 -0.26610031583800264 0.26610031583800264
 0.26610031583800264 0.26610031583800264 -0.26610031583800264 0.26610031583800264 0.26610031583800264 -0.26610031583800264 -0.26610031583800264 -0.26610031583800264 0.26610031583800264 -0.26610031583800264 -0.26610031583800264 0.26610031583800264 -0.26610031583800264 -0.26610031583800264 0.26610031583800264 0.26610031583800264 0.26610031583800264 0.26610031583800264 -0.26610031583800264 0.26610031583800264 -0.26610031583800264 -0.26610031583800264 0.26610031583800264 0.26610031583800264 0.26610031583800264 0.26610031583800264 0.26610031583800264 0.26610031583800264 -0.26610031583800264 0.26610031583800264 -0.26610031583800264 -0.26610031583800264 0.26610031583800264 -0.26610031583800264 -0.26610031583800264 -0.26610031583800264 0.26610031583800264 0.26610031583800264 -0.26610031583800264 0.26610031583800264 -0.26610031583800264 -0.26610031583800264 0.26610031583800264 0.26610031583800264 -0.26610031583800264 -0.26610031583800264 -0.26610031583800264 0.26610031583800264 -0.26610031583800264 0.26610031583800264 0.26610031583800264 0.26610031583800264 -0.26610031583800264 -0.26610031583800264 -0.26610031583800264 0.26610031583800264 0.26610031583800264 -0.26610031583800264 0.26610031583800264 0.26610031583800264 0.26610031583800264 0.26610031583800264 0.26610031583800264 0.26610031583800264 0.26610031583800264 -0.26610031583800264 -0.26610031583800264 -0.26610031583800264 0.26610031583800264 0.26610031583800264 0.26610031583800264 0.26610031583800264 -0.26610031583800264 -0.26610031583800264 0.26610031583800264 -0.26610031583800264 0.26610031583800264 0.26610031583800264 0.26610031583800264 -0.26610031583800264 -0.26610031583800264 -0.26610031583800264 -0.26610031583800264 0.26610031583800264 -0.26610031583800264 0.26610031583800264 -0.26610031583800264 -0.26610031583800264 -0.26610031583800264 -0.26610031583800264 -0.26610031583800264 -0.26610031583800264 0.26610031583800264 -0.26610031583800264 -0.26610031583800264 0.26610031583800264 -0.26610031583800264 -0.26610031583800264 -0.26610031583800264 -0.26610031583800264 0.26610031583800264
 0.26610031583800264 0.26610031583800264 -0.26610031583800264 0.26610031583800264 0.26610031583800264 -0.26610031583800264 -0.26610031583800264 -0.26610031583800264 0.26610031583800264 -0.26610031583800264 -0.26610031583800264 0.26610031583800264 -0.26610031583800264 -0.26610031583800264 0.26610031583800264 0.26610031583800264 0.26610031583800264 0.26610031583800264 -0.26610031583800264 0.26610031583800264 -0.26610031583800264 -0.26610031583800264 0.26610031583800264 0.26610031583800264 0.26610031583800264 0.26610031583800264 0.26610031583800264 0.26610031583800264 -0.26610031583800264 0.26610031583800264 -0.26610031583800264 -0.26610031583800264 0.26610031583800264 -0.26610031583800264 -0.26610031583800264 -0.26610031583800264 0.26610031583800264 0.26610031583800264 -0.26610031583800264 0.26610031583800264 -0.26610031583800264 -0.26610031583800264 0.26610031583800264 0.26610031583800264 -0.26610031583800264 -0.26610031583800264 -0.26610031583800264 0.26610031583800264 -0.26610031583800264 0.26610031583800264 0.26610031583800264 0.26610031583800264 -0.26610031583800264 -0.26610031583800264 -0.26610031583800264 0.26610031583800264 0.26610031583800264 -0.26610031583800264 0.26610031583800264 0.26610031583800264 0.26610031583800264 0.26610031583800264 0.26610031583800264 0.26610031583800264 0.26610031583800264 -0.26610031583800264 -0.26610031583800264 -0.26610031583800264 0.26610031583800264 0.26610031583800264 0.26610031583800264 0.26610031583800264 -0.26610031583800264 -0.26610031583800264 0.26610031583800264 -0.26610031583800264 0.26610031583800264 0.26610031583800264 0.26610031583800264 -0.26610031583800264 -0.26610031583800264 -0.26610031583800264 -0.26610031583800264 0.26610031583800264 -0.26610031583800264 0.26610031583800264 -0.26610031583800264 -0.26610031583800264 -0.26610031583800264 -0.26610031583800264 -0.26610031583800264 -0.26610031583800264 0.26610031583800264 -0.26610031583800264 -0.26610031583800264 0.26610031583800264 -0.26610031583800264 -0.26610031583800264 -0.26610031583800264 -0.26610031583800264 0.26610031583800264
 0.26610031583800264 0.26610031583800264 -0.26610031583800264 0.26610031583800264 0.26610031583800264 -0.26610031583800264 -0.26610031583800264 -0.26610031583800264 0.26610031583800264 -0.26610031583800264 -0.26610031583800264 0.26610031583800264 -0.26610031583800264 -0.26610031583800264 0.26610031583800264 0.26610031583800264 0.26610031583800264 0.26610031583800264 -0.26610031583800264 0.26610031583800264 -0.26610031583800264 -0.26610031583800264 0.26610031583800264 0.26610031583800264 0.26610031583800264 0.26610031583800264 0.26610031583800264 0.26610031583800264 -0.26610031583800264 0.26610031583800264 -0.26610031583800264 -0.26610031583800264 0.26610031583800264 -0.26610031583800264 -0.26610031583800264 -0.26610031583800264 0.26610031583800264 0.26610031583800264 -0.26610031583800264 0.26610031583800264 -0.26610031583800264 -0.26610031583800264 0.26610031583800264 0.26610031583800264 -0.26610031583800264 -0.26610031583800264 -0.26610031583800264 0.26610031583800264 -0.26610031583800264 0.26610031583800264 0.26610031583800264 0.26610031583800264 -0.26610031583800264 -0.26610031583800264 -0.26610031583800264 0.26610031583800264 0.26610031583800264 -0.26610031583800264 0.26610031583800264 0.26610031583800264 0.26610031583800264 0.26610031583800264 0.26610031583800264 0.26610031583800264 0.26610031583800264 -0.26610031583800264 -0.26610031583800264 -0.26610031583800264 0.26610031583800264 0.26610031583800264 0.26610031583800264 0.26610031583800264 -0.26610031583800264 -0.26610031583800264 0.26610031583800264 -0.26610031583800264 0.26610031583800264 0.26610031583800264 0.26610031583800264 -0.26610031583800264 -0.26610031583800264 -0.26610031583800264 -0.26610031583800264 0.26610031583800264 -0.26610031583800264 0.26610031583800264 -0.26610031583800264 -0.26610031583800264 -0.26610031583800264 -0.26610031583800264 -0.26610031583800264 -0.26610031583800264 0.26610031583800264 -0.26610031583800264 -0.26610031583800264 0.26610031583800264 -0.26610031583800264 -0.26610031583800264 -0.26610031583800264 -0.26610031583800264 0.26610031583800264
 0.26610031583800264 0.26610031583800264 -0.26610031583800264 0.26610031583800264 0.26610031583800264 -0.26610031583800264 -0.26610031583800264 -0.26610031583800264 0.26610031583800264 -0.26610031583800264 -0.26610031583800264 0.26610031583800264 -0.26610031583800264 -0.26610031583800264 0.26610031583800264 0.26610031583800264 0.26610031583800264 0.26610031583800264 -0.26610031583800264 0.26610031583800264 -0.26610031583800264 -0.26610031583800264 0.26610031583800264 0.26610031583800264 0.26610031583800264 0.26610031583800264 0.26610031583800264 0.26610031583800264 -0.26610031583800264 0.26610031583800264 -0.26610031583800264 -0.26610031583800264 0.26610031583800264 -0.26610031583800264 -0.26610031583800264 -0.26610031583800264 0.26610031583800264 0.26610031583800264 -0.26610031583800264 0.26610031583800264 -0.26610031583800264 -0.26610031583800264 0.26610031583800264 0.26610031583800264 -0.26610031583800264 -0.26610031583800264 -0.26610031583800264 0.26610031583800264 -0.26610031583800264 0.26610031583800264 0.26610031583800264 0.26610031583800264 -0.26610031583800264 -0.26610031583800264 -0.26610031583800264 0.26610031583800264 0.26610031583800264 -0.26610031583800264 0.26610031583800264 0.26610031583800264 0.26610031583800264 0.26610031583800264 0.26610031583800264 0.26610031583800264 0.26610031583800264 -0.26610031583800264 -0.26610031583800264 -0.26610031583800264 0.26610031583800264 0.26610031583800264 0.26610031583800264 0.26610031583800264 -0.26610031583800264 -0.26610031583800264 0.26610031583800264 -0.26610031583800264 0.26610031583800264 0.26610031583800264 0.26610031583800264 -0.26610031583800264 -0.26610031583800264 -0.26610031583800264 -0.26610031583800264 0.26610031583800264 -0.26610031583800264 0.26610031583800264 -0.26610031583800264 -0.26610031583800264 -0.26610031583800264 -0.26610031583800264 -0.26610031583800264 -0.26610031583800264 0.26610031583800264 -0.26610031583800264 -0.26610031583800264 0.26610031583800264 -0.26610031583800264 -0.26610031583800264 -0.26610031583800264 -0.26610031583800264 0.26610031583800264
 0.26610031583800264 0.26610031583800264 -0.26610031583800264 0.26610031583800264 0.26610031583800264 -0.26610031583800264 -0.26610031583800264 -0.26610031583800264 0.26610031583800264 -0.26610031583800264 -0.26610031583800264 0.26610031583800264 -0.26610031583800264 -0.26610031583800264 0.26610031583800264 0.26610031583800264 0.26610031583800264 0.26610031583800264 -0.26610031583800264 0.26610031583800264 -0.26610031583800264 -0.26610031583800264 0.26610031583800264 0.26610031583800264 0.26610031583800264 0.26610031583800264 0.26610031583800264 0.26610031583800264 -0.26610031583800264 0.26610031583800264 -0.26610031583800264 -0.26610031583800264 0.26610031583800264 -0.26610031583800264 -0.26610031583800264 -0.26610031583800264 0.26610031583800264 0.26610031583800264 -0.26610031583800264 0.26610031583800264 -0.26610031583800264 -0.26610031583800264 0.26610031583800264 0.26610031583800264 -0.26610031583800264 -0.26610031583800264 -0.26610031583800264 0.26610031583800264 -0.26610031583800264 0.26610031583800264 0.26610031583800264 0.26610031583800264 -0.26610031583800264 -0.26610031583800264 -0.26610031583800264 0.26610031583800264 0.26610031583800264 -0.26610031583800264 0.26610031583800264 0.26610031583800264 0.26610031583800264 0.26610031583800264 0.26610031583800264 0.26610031583800264 0.26610031583800264 -0.26610031583800264 -0.26610031583800264 -0.26610031583800264 0.26610031583800264 0.26610031583800264 0.26610031583800264 0.26610031583800264 -0.26610031583800264 -0.26610031583800264 0.26610031583800264 -0.26610031583800264 0.26610031583800264 0.26610031583800264 0.26610031583800264 -0.26610031583800264 -0.26610031583800264 -0.26610031583800264 -0.26610031583800264 0.26610031583800264 -0.26610031583800264 0.26610031583800264 -0.26610031583800264 -0.26610031583800264 -0.26610031583800264 -0.26610031583800264 -0.26610031583800264 -0.26610031583800264 0.26610031583800264 -0.26610031583800264 -0.26610031583800264 0.26610031583800264 -0.26610031583800264 -0.26610031583800264 -0.26610031583800264 -0.26610031583800264 0.26610031583800264
 0.26610031583800264 0.26610031583800264 -0.26610031583800264 0.26610031583800264 0.26610031583800264 -0.26610031583800264 -0.26610031583800264 -0.26610031583800264 0.26610031583800264 -0.26610031583800264 -0.26610031583800264 0.26610031583800264 -0.26610031583800264 -0.26610031583800264 0.26610031583800264 0.26610031583800264 0.26610031583800264 0.26610031583800264 -0.26610031583800264 0.26610031583800264 -0.26610031583800264 -0.26610031583800264 0.26610031583800264 0.26610031583800264 0.26610031583800264 0.26610031583800264 0.26610031583800264 0.26610031583800264 -0.26610031583800264 0.26610031583800264 -0.26610031583800264 -0.26610031583800264 0.26610031583800264 -0.26610031583800264 -0.26610031583800264 -0.26610031583800264 0.26610031583800264 0.26610031583800264 -0.26610031583800264 0.26610031583800264 -0.26610031583800264 -0.26610031583800264 0.26610031583800264 0.26610031583800264 -0.26610031583800264 -0.26610031583800264 -0.26610031583800264 0.26610031583800264 -0.26610031583800264 0.26610031583800264 0.26610031583800264 0.26610031583800264 -0.26610031583800264 -0.26610031583800264 -0.26610031583800264 0.26610031583800264 0.26610031583800264 -0.26610031583800264 0.26610031583800264 0.26610031583800264 0.26610031583800264 0.26610031583800264 0.26610031583800264 0.26610031583800264 0.26610031583800264 -0.26610031583800264 -0.26610031583800264 -0.26610031583800264 0.26610031583800264 0.26610031583800264 0.26610031583800264 0.26610031583800264 -0.26610031583800264 -0.26610031583800264 0.26610031583800264 -0.26610031583800264 0.26610031583800264 0.26610031583800264 0.26610031583800264 -0.26610031583800264 -0.26610031583800264 -0.26610031583800264 -0.26610031583800264 0.26610031583800264 -0.26610031583800264 0.26610031583800264 -0.26610031583800264 -0.26610031583800264 -0.26610031583800264 -0.26610031583800264 -0.26610031583800264 -0.26610031583800264 0.26610031583800264 -0.26610031583800264 -0.26610031583800264 0.26610031583800264 -0.26610031583800264 -0.26610031583800264 -0.26610031583800264 -0.26610031583800264 0.26610031583800264
 0.26610031583800264 0.26610031583800264 -0.26610031583800264 0.26610031583800264 0.26610031583800264 -0.26610031583800264 -0.26610031583800264 -0.26610031583800264 0.26610031583800264 -0.26610031583800264 -0.26610031583800264 0.26610031583800264 -0.26610031583800264 -0.26610031583800264 0.26610031583800264 0.26610031583800264 0.26610031583800264 0.26610031583800264 -0.26610031583800264 0.26610031583800264 -0.26610031583800264 -0.26610031583800264 0.26610031583800264 0.26610031583800264 0.26610031583800264 0.26610031583800264 0.26610031583800264 0.26610031583800264 -0.26610031583800264 0.26610031583800264 -0.26610031583800264 -0.26610031583800264 0.26610031583800264 -0.26610031583800264 -0.26610031583800264 -0.26610031583800264 0.26610031583800264 0.26610031583800264 -0.26610031583800264 0.26610031583800264 -0.26610031583800264 -0.26610031583800264 0.26610031583800264 0.26610031583800264 -0.26610031583800264 -0.26610031583800264 -0.26610031583800264 0.26610031583800264 -0.26610031583800264 0.26610031583800264 0.26610031583800264 0.26610031583800264 -0.26610031583800264 -0.26610031583800264 -0.26610031583800264 0.26610031583800264 0.26610031583800264 -0.26610031583800264 0.26610031583800264 0.26610031583800264 0.26610031583800264 0.26610031583800264 0.26610031583800264 0.26610031583800264 0.26610031583800264 -0.26610031583800264 -0.26610031583800264 -0.26610031583800264 0.26610031583800264 0.26610031583800264 0.26610031583800264 0.26610031583800264 -0.26610031583800264 -0.26610031583800264 0.26610031583800264 -0.26610031583800264 0.26610031583800264 0.26610031583800264 0.26610031583800264 -0.26610031583800264 -0.26610031583800264 -0.26610031583800264 -0.26610031583800264 0.26610031583800264 -0.26610031583800264 0.26610031583800264 -0.26610031583800264 -0.26610031583800264 -0.26610031583800264 -0.26610031583800264 -0.26610031583800264 -0.26610031583800264 0.26610031583800264 -0.26610031583800264 -0.26610031583800264 0.26610031583800264 -0.26610031583800264 -0.26610031583800264 -0.26610031583800264 -0.26610031583800264 0.26610031583800264
 -0.8708587410153541 -0.8708587410153541 0.8708587410153541 -0.8708587410153541 -0.8708587410153541 0.8708587410153541 0.8708587410153541 0.8708587410153541 -0.8708587410153541 0.8708587410153541 0.8708587410153541 -0.8708587410153541 0.8708587410153541 0.8708587410153541 -0.8708587410153541 -0.8708587410153541 -0.8708587410153541 -0.8708587410153541 0.8708587410153541 -0.8708587410153541 0.8708587410153541 0.8708587410153541 -0.8708587410153541 -0.8708587410153541 -0.8708587410153541 -0.8708587410153541 -0.8708587410153541 -0.8708587410153541 0.8708587410153541 -0.8708587410153541 0.8708587410153541 0.8708587410153541 -0.8708587410153541 0.8708587410153541 0.8708587410153541 0.8708587410153541 -0.8708587410153541 -0.8708587410153541 0.8708587410153541 -0.8708587410153541 0.8708587410153541 0.8708587410153541 -0.8708587410153541 -0.8708587410153541 0.8708587410153541 0.8708587410153541 0.8708587410153541 -0.8708587410153541 0.8708587410153541 -0.8708587410153541 -0.8708587410153541 -0.8708587410153541 0.8708587410153541 0.8708587410153541 0.8708587410153541 -0.8708587410153541 -0.8708587410153541 0.8708587410153541 -0.8708587410153541 -0.8708587410153541 -0.8708587410153541 -0.8708587410153541 -0.8708587410153541 -0.8708587410153541 -0.8708587410153541 0.8708587410153541 0.8708587410153541 0.8708587410153541 -0.8708587410153541 -0.8708587410153541 -0.8708587410153541 -0.8708587410153541 0.8708587410153541 -0.20504497042907133 -0.8708587410153541 0.8708587410153541 -0.8708587410153541 -0.8708587410153541 -0.8708587410153541 0.8708587410153541 0.8708587410153541 0.8708587410153541 0.8708587410153541 -0.8708587410153541 0.8708587410153541 -0.8708587410153541 0.8708587410153541 0.8708587410153541 0.8708587410153541 0.8708587410153541 0.8708587410153541 0.8708587410153541 -0.8708587410153541 0.8708587410153541 0.8708587410153541 -0.8708587410153541 0.8708587410153541 0.8708587410153541 0.8708587410153541 0.8708587410153541 -0.8708587410153541
 -0.8708587410153541 -0.8708587410153541 0.8708587410153541 -0.8708587410153541 -0.8708587410153541 0.8708587410153541 0.8708587410153541 0.8708587410153541 -0.8708587410153541 0.8708587410153541 0.8708587410153541 -0.8708587410153541 0.8708587410153541 0.8708587410153541 -0.8708587410153541 -0.8708587410153541 -0.8708587410153541 -0.8708587410153541 0.8708587410153541 -0.8708587410153541 0.8708587410153541 0.8708587410153541 -0.8708587410153541 -0.8708587410153541 -0.8708587410153541 -0.8708587410153541 -0.8708587410153541 -0.8708587410153541 0.8708587410153541 -0.8708587410153541 0.8708587410153541 0.8708587410153541 -0.8708587410153541 0.8708587410153541 0.8708587410153541 0.8708587410153541 -0.8708587410153541 -0.8708587410153541 0.8708587410153541 -0.8708587410153541 0.8708587410153541 0.8708587410153541 -0.8708587410153541 -0.8708587410153541 0.8708587410153541 0.8708587410153541 0.8708587410153541 -0.8708587410153541 0.8708587410153541 -0.8708587410153541 -0.8708587410153541 -0.8708587410153541 0.8708587410153541 0.8708587410153541 0.8708587410153541 -0.8708587410153541 -0.8708587410153541 0.8708587410153541 -0.8708587410153541 -0.8708587410153541 -0.8708587410153541 -0.8708587410153541 -0.8708587410153541 -0.8708587410153541 -0.8708587410153541 0.8708587410153541 0.8708587410153541 0.8708587410153541 -0.8708587410153541 -0.8708587410153541 -0.8708587410153541 -0.8708587410153541 0.8708587410153541 -0.20504497042907133 -0.8708587410153541 0.8708587410153541 -0.8708587410153541 -0.8708587410153541 -0.8708587410153541 0.8708587410153541 0.8708587410153541 0.8708587410153541 0.8708587410153541 -0.8708587410153541 0.8708587410153541 -0.8708587410153541 0.8708587410153541 0.8708587410153541 0.8708587410153541 0.8708587410153541 0.8708587410153541 0.8708587410153541 -0.8708587410153541 0.8708587410153541 0.8708587410153541 -0.8708587410153541 0.8708587410153541 0.8708587410153541 0.8708587410153541 0.8708587410153541 -0.8708587410153541
 3.9705043281407386E19 3.970504328140739E19 -3.970737162207721E19 3.970733254266963E19 3.9705043281407386E19 -3.9705082360814985E19 -3.9705082360814985E19 -3.9707332542669636E19 3.9705043281407386E19 -3.970508236081499E19 -3.9705082360814985E19 3.9705043281407386E19 -3.970508236081499E19 -3.970737162207721E19 3.970733254266963E19 3.9705043281407386E19 3.970733254266963E19 3.970733254266963E19 -3.9707332542669636E19 3.9707332542669636E19 -3.9707332542669636E19 -3.9705082360814985E19 3.9707332542669636E19 3.9705043281407386E19 3.9705043281407386E19 3.9707332542669636E19 3.9705043281407386E19 3.9705043281407386E19 -3.970508236081499E19 3.970504328140739E19 -3.9705082360814985E19 -3.970733254266964E19 3.9707332542669636E19 -3.970508236081499E19 -3.9705082360814985E19 -3.970508236081499E19 3.9707332542669636E19 3.970504328140739E19 -3.9705082360814985E19 3.9705043281407386E19 -3.970508236081499E19 -3.970733254266964E19 3.9707332542669636E19 3.9707332542669636E19 -3.970508236081499E19 -3.970508236081499E19 -3.970508236081499E19 3.9705043281407386E19 -3.970508236081499E19 3.9705043281407386E19 3.9707332542669636E19 3.9707332542669636E19 -3.9707332542669636E19 -3.9707332542669636E19 -3.9705082360814985E19 3.9707332542669636E19 3.9705043281407386E19 -3.970508236081499E19 3.9707332542669636E19 3.9705043281407386E19 3.9705043281407386E19 3.9707332542669636E19 3.9705043281407386E19 3.9707332542669636E19 3.9707332542669636E19 -3.9707332542669636E19 -3.9705082360814985E19 -3.97073716220772E19 3.9705043281407386E19 3.9707332542669636E19 3.9705043281407386E19 3.9705043281407386E19 -3.970508236081499E19 9.014755269490561E18 3.9705043281407386E19 -3.9707332542669636E19 3.9707332542669636E19 3.9707332542669636E19 3.9707332542669636E19 -3.970508236081499E19 -3.97073716220772E19 -3.970508236081499E19 -3.970733254266964E19 3.9705043281407386E19 -3.970733254266964E19 3.970504328140739E19 -3.97073716220772E19 -3.970733254266964E19 -3.970508236081499E19 -3.97073716220772E19 -3.970733254266964E19 -3.970508236081499E19 3.9705043281407386E19 -3.9705082360814985E19 -3.970733254266964E19 3.9707332542669636E19 -3.970508236081499E19 -3.970733254266964E19 -3.970733254266964E19 -3.970733254266964E19 3.9707332542669636E19
 2.2765317615469485 2.2765317615469485 -2.2765317615469485 2.2765317615469485 2.2765317615469485 -2.2765317615469485 -2.2765317615469485 -2.2765317615469485 2.2765317615469485 -2.2765317615469485 -2.2765317615469485 2.2765317615469485 -2.2765317615469485 -2.2765317615469485 2.2765317615469485 2.2765317615469485 2.2765317615469485 2.2765317615469485 -2.2765317615469485 2.2765317615469485 -2.2765317615469485 -2.2765317615469485 2.2765317615469485 2.2765317615469485 2.2765317615469485 2.2765317615469485 2.2765317615469485 2.2765317615469485 -2.2765317615469485 2.2765317615469485 -2.2765317615469485 -2.2765317615469485 2.2765317615469485 -2.2765317615469485 -2.2765317615469485 -2.2765317615469485 2.2765317615469485 2.2765317615469485 -2.2765317615469485 2.2765317615469485 -2.2765317615469485 -2.2765317615469485 2.2765317615469485 2.2765317615469485 -2.2765317615469485 -2.2765317615469485 -2.2765317615469485 2.2765317615469485 -2.2765317615469485 2.2765317615469485 2.2765317615469485 2.2765317615469485 -2.2765317615469485 -2.2765317615469485 -2.2765317615469485 2.2765317615469485 2.2765317615469485 -2.2765317615469485 2.2765317615469485 2.2765317615469485 2.2765317615469485 2.2765317615469485 2.2765317615469485 2.2765317615469485 2.2765317615469485 -2.2765317615469485 -2.2765317615469485 -2.2765317615469485 2.2765317615469485 2.2765317615469485 2.2765317615469485 2.2765317615469485 -2.2765317615469485 0.04603073538078206 2.2765317615469485 -2.2765317615469485 2.2765317615469485 2.2765317615469485 2.2765317615469485 -2.2765317615469485 -2.2765317615469485 -2.2765317615469485 -2.2765317615469485 2.2765317615469485 -2.2765317615469485 2.2765317615469485 -2.2765317615469485 -2.2765317615469485 -2.2765317615469485 -2.2765317615469485 -2.2765317615469485 -2.2765317615469485 2.2765317615469485 -2.2765317615469485 -2.2765317615469485 2.2765317615469485 -2.2765317615469485 -2.2765317615469485 -2.2765317615469485 -2.2765317615469485 2.2765317615469485
 3.0746806016131814 3.0746806016131814 -3.0746806016131814 3.0746806016131814 3.0746806016131814 -3.0746806016131814 -3.0746806016131814 -3.0746806016131814 3.0746806016131814 -3.0746806016131814 -3.0746806016131814 3.0746806016131814 -3.0746806016131814 -3.0746806016131814 3.0746806016131814 3.0746806016131814 3.0746806016131814 3.0746806016131814 -3.0746806016131814 3.0746806016131814 -3.0746806016131814 -3.0746806016131814 3.0746806016131814 3.0746806016131814 3.0746806016131814 3.0746806016131814 3.0746806016131814 3.0746806016131814 -3.0746806016131814 3.0746806016131814 -3.0746806016131814 -3.0746806016131814 3.0746806016131814 -3.0746806016131814 -3.0746806016131814 -3.0746806016131814 3.0746806016131814 3.0746806016131814 -3.0746806016131814 3.0746806016131814 -3.0746806016131814 -3.0746806016131814 3.0746806016131814 3.0746806016131814 -3.0746806016131814 -3.0746806016131814 -3.0746806016131814 3.0746806016131814 -3.0746806016131814 3.0746806016131814 3.0746806016131814 3.0746806016131814 -3.0746806016131814 -3.0746806016131814 -3.0746806016131814 3.0746806016131814 3.0746806016131814 -3.0746806016131814 3.0746806016131814 3.0746806016131814 3.0746806016131814 3.0746806016131814 3.0746806016131814 3.0746806016131814 3.0746806016131814 -3.0746806016131814 -3.0746806016131814 -3.0746806016131814 3.0746806016131814 3.0746806016131814 3.0746806016131814 3.0746806016131814 -3.0746806016131814 0.39170496586166337 3.0746806016131814 -3.0746806016131814 3.0746806016131814 3.0746806016131814 3.0746806016131814 -3.0746806016131814 -3.0746806016131814 -3.0746806016131814 -3.0746806016131814 3.0746806016131814 -3.0746806016131814 3.0746806016131814 -3.0746806016131814 -3.0746806016131814 -3.0746806016131814 -3.0746806016131814 -3.0746806016131814 -3.0746806016131814 3.0746806016131814 -3.0746806016131814 -3.0746806016131814 3.0746806016131814 -3.0746806016131814 -3.0746806016131814 -3.0746806016131814 -3.0746806016131814 3.0746806016131814
 7.688129687122682 7.688129687122682 -7.688129687122682 7.688129687122682 7.688129687122682 -7.688129687122682 -7.688129687122682 -7.688129687122682 7.688129687122682 -7.688129687122682 -7.688129687122682 7.688129687122682 -7.688129687122682 -7.688129687122682 7.688129687122682 7.688129687122682 7.688129687122682 7.688129687122682 -7.688129687122682 7.688129687122682 -7.688129687122682 -7.688129687122682 7.688129687122682 7.688129687122682 7.688129687122682 7.688129687122682 7.688129687122682 7.688129687122682 -7.688129687122682 7.688129687122682 -7.688129687122682 -7.688129687122682 7.688129687122682 -7.688129687122682 -7.688129687122682 -7.688129687122682 7.688129687122682 7.688129687122682 -7.688129687122682 7.688129687122682 -7.688129687122682 -7.688129687122682 7.688129687122682 7.688129687122682 -7.688129687122682 -7.688129687122682 -7.688129687122682 7.688129687122682 -7.688129687122682 7.688129687122682 7.688129687122682 7.688129687122682 -7.688129687122682 -7.688129687122682 -7.688129687122682 7.688129687122682 7.688129687122682 -7.688129687122682 7.688129687122682 7.688129687122682 7.688129687122682 7.688129687122682 7.688129687122682 7.688129687122682 7.688129687122682 -7.688129687122682 -7.688129687122682 -7.688129687122682 7.688129687122682 7.688129687122682 7.688129687122682 7.688129687122682 -7.688129687122682 2.237843498853863 7.688129687122682 -7.688129687122682 7.688129687122682 7.688129687122682 7.688129687122682 -7.688129687122682 -7.688129687122682 -7.688129687122682 -7.688129687122682 7.688129687122682 -7.688129687122682 7.688129687122682 -7.688129687122682 -7.688129687122682 -7.688129687122682 -7.688129687122682 -7.688129687122682 -7.688129687122682 7.688129687122682 -7.688129687122682 -7.688129687122682 7.688129687122682 -7.688129687122682 -7.688129687122682 -7.688129687122682 -7.688129687122682 7.688129687122682
 1.3305015791902406 1.3305015791902406 -1.3305015791902406 1.3305015791902406 1.3305015791902406 -1.3305015791902406 -1.3305015791902406 -1.3305015791902406 1.3305015791902406 -1.3305015791902406 -1.3305015791902406 1.3305015791902406 -1.3305015791902406 -1.3305015791902406 1.3305015791902406 1.3305015791902406 1.3305015791902406 1.3305015791902406 -1.3305015791902406 1.3305015791902406 -1.3305015791902406 -1.3305015791902406 1.3305015791902406 1.3305015791902406 1.3305015791902406 1.3305015791902406 1.3305015791902406 1.3305015791902406 -1.3305015791902406 1.3305015791902406 -1.3305015791902406 -1.3305015791902406 1.3305015791902406 -1.3305015791902406 -1.3305015791902406 -1.3305015791902406 1.3305015791902406 1.3305015791902406 -1.3305015791902406 1.3305015791902406 -1.3305015791902406 -1.3305015791902406 1.3305015791902406 1.3305015791902406 -1.3305015791902406 -1.3305015791902406 -1.3305015791902406 1.3305015791902406 -1.3305015791902406 1.3305015791902406 1.3305015791902406 1.3305015791902406 -1.3305015791902406 -1.3305015791902406 -1.3305015791902406 1.3305015791902406 1.3305015791902406 -1.3305015791902406 1.3305015791902406 1.3305015791902406 1.3305015791902406 1.3305015791902406 1.3305015791902406 1.3305015791902406 1.3305015791902406 -1.3305015791902406 -1.3305015791902406 -1.3305015791902406 1.3305015791902406 1.3305015791902406 1.3305015791902406 1.3305015791902406 -1.3305015791902406 -1.3305015791902406 1.3305015791902406 -1.3305015791902406 1.3305015791902406 1.3305015791902406 1.3305015791902406 -1.3305015791902406 -1.3305015791902406 -1.3305015791902406 -1.3305015791902406 1.3305015791902406 -1.3305015791902406 1.3305015791902406 -1.3305015791902406 -1.3305015791902406 -1.3305015791902406 -1.3305015791902406 -1.3305015791902406 -1.3305015791902406 1.3305015791902406 -1.3305015791902406 -1.3305015791902406 1.3305015791902406 -1.3305015791902406 -1.3305015791902406 -1.3305015791902406 -1.3305015791902406 1.3305015791902406
 1.3300091233402327 1.3300091233402327 -1.3300091233402327 1.3300091233402327 1.3300091233402327 -1.3300091233402327 -1.3300091233402327 -1.3300091233402327 1.3300091233402327 -1.3300091233402327 -1.3300091233402327 1.3300091233402327 -1.3300091233402327 -1.3300091233402327 1.3300091233402327 1.3300091233402327 1.3300091233402327 1.3300091233402327 -1.3300091233402327 1.3300091233402327 -1.3300091233402327 -1.3300091233402327 1.3300091233402327 1.3300091233402327 1.3300091233402327 1.3300091233402327 1.3300091233402327 1.3300091233402327 -1.3300091233402327 1.3300091233402327 -1.3300091233402327 -1.3300091233402327 1.3300091233402327 -1.3300091233402327 -1.3300091233402327 -1.3300091233402327 1.3300091233402327 1.3300091233402327 -1.3300091233402327 1.3300091233402327 -1.3300091233402327 -1.3300091233402327 1.3300091233402327 1.3300091233402327 -1.3300091233402327 -1.3300091233402327 -1.3300091233402327 1.3300091233402327 -1.3300091233402327 1.3300091233402327 1.3300091233402327 1.3300091233402327 -1.3300091233402327 -1.3300091233402327 -1.3300091233402327 1.3300091233402327 1.3300091233402327 -1.3300091233402327 1.3300091233402327 1.3300091233402327 1.3300091233402327 1.3300091233402327 1.3300091233402327 1.3300091233402327 1.3300091233402327 -1.3300091233402327 -1.3300091233402327 -1.3300091233402327 1.3300091233402327 1.3300091233402327 1.3300091233402327 1.3300091233402327 -1.3300091233402327 1.3300091233402327 1.3300091233402327 -1.3300091233402327 1.3300091233402327 1.3300091233402327 1.3300091233402327 -1.3300091233402327 -1.3300091233402327 -1.3300091233402327 -1.3300091233402327 1.3300091233402327 -1.3300091233402327 1.3300091233402327 -1.3300091233402327 -1.3300091233402327 -1.3300091233402327 -1.3300091233402327 -1.3300091233402327 -1.3300091233402327 1.3300091233402327 -1.3300091233402327 -1.3300091233402327 1.3300091233402327 -1.3300091233402327 -1.3300091233402327 -1.3300091233402327 -1.3300091233402327 1.3300091233402327
 1.3304749423193698 1.3304749423193698 -1.3304749423193698 1.3304749423193698 1.3304749423193698 -1.3304749423193698 -1.3304749423193698 -1.3304749423193698 1.3304749423193698 -1.3304749423193698 -1.3304749423193698 1.3304749423193698 -1.3304749423193698 -1.3304749423193698 1.3304749423193698 1.3304749423193698 1.3304749423193698 1.3304749423193698 -1.3304749423193698 1.3304749423193698 -1.3304749423193698 -1.3304749423193698 1.3304749423193698 1.3304749423193698 1.3304749423193698 1.3304749423193698 1.3304749423193698 1.3304749423193698 -1.3304749423193698 1.3304749423193698 -1.3304749423193698 -1.3304749423193698 1.3304749423193698 -1.3304749423193698 -1.3304749423193698 -1.3304749423193698 1.3304749423193698 1.3304749423193698 -1.3304749423193698 1.3304749423193698 -1.3304749423193698 -1.3304749423193698 1.3304749423193698 1.3304749423193698 -1.3304749423193698 -1.3304749423193698 -1.3304749423193698 1.3304749423193698 -1.3304749423193698 1.3304749423193698 1.3304749423193698 1.3304749423193698 -1.3304749423193698 -1.3304749423193698 -1.3304749423193698 1.3304749423193698 1.3304749423193698 -1.3304749423193698 1.3304749423193698 1.3304749423193698 1.3304749423193698 1.3304749423193698 1.3304749423193698 1.3304749423193698 1.3304749423193698 -1.3304749423193698 -1.3304749423193698 -1.3304749423193698 1.3304749423193698 1.3304749423193698 1.3304749423193698 1.3304749423193698 -1.3304749423193698 -1.3304749423193698 1.3304749423193698 -1.3304749423193698 1.3304749423193698 1.3304749423193698 1.3304749423193698 -1.3304749423193698 -1.3304749423193698 -1.3304749423193698 -1.3304749423193698 1.3304749423193698 -1.3304749423193698 1.3304749423193698 -1.3304749423193698 -1.3304749423193698 -1.3304749423193698 -1.3304749423193698 -1.3304749423193698 -1.3304749423193698 1.3304749423193698 -1.3304749423193698 -1.3304749423193698 1.3304749423193698 -1.3304749423193698 -1.3304749423193698 -1.3304749423193698 -1.3304749423193698 1.3304749423193698
 -0.00322946768710608 -0.00322946768710608 0.00322946768710608 -0.00322946768710608 -0.00322946768710608 0.00322946768710608 0.00322946768710608 0.00322946768710608 -0.00322946768710608 0.00322946768710608 -0.00322946768710608 -0.00322946768710608 -0.00322946768710608 0.00322946768710608 -0.00322946768710608 -0.00322946768710608 -0.00322946768710608 -0.00322946768710608 0.00322946768710608 -0.00322946768710608 0.00322946768710608 0.00322946768710608 -0.00322946768710608 -0.00322946768710608 -0.00322946768710608 -0.00322946768710608 -0.00322946768710608 -0.00322946768710608 0.00322946768710608 -0.00322946768710608 0.00322946768710608 0.00322946768710608 -0.00322946768710608 0.00322946768710608 0.00322946768710608 -0.00322946768710608 -0.00322946768710608 -0.00322946768710608 0.00322946768710608 -0.00322946768710608 0.00322946768710608 0.00322946768710608 -0.00322946768710608 -0.00322946768710608 0.00322946768710608 -0.00322946768710608 -0.00322946768710608 -0.00322946768710608 0.00322946768710608 -0.00322946768710608 -0.00322946768710608 -0.00322946768710608 0.00322946768710608 0.00322946768710608 0.00322946768710608 -0.00322946768710608 -0.00322946768710608 0.00322946768710608 -0.00322946768710608 -0.00322946768710608 -0.00322946768710608 -0.00322946768710608 -0.00322946768710608 -0.00322946768710608 -0.00322946768710608 0.00322946768710608 -0.00322946768710608 0.00322946768710608 -0.00322946768710608 -0.00322946768710608 -0.00322946768710608 -0.00322946768710608 0.00322946768710608 -0.00322946768710608 -0.00322946768710608 0.00322946768710608 -0.00322946768710608 -0.00322946768710608 -0.00322946768710608 -0.00322946768710608 0.00322946768710608 0.00322946768710608 0.00322946768710608 -0.00322946768710608 0.00322946768710608 -0.00322946768710608 0.00322946768710608 0.00322946768710608 0.00322946768710608 0.00322946768710608 0.00322946768710608 -0.00322946768710608 -0.00322946768710608 0.00322946768710608 0.00322946768710608 -0.00322946768710608 -0.00322946768710608 0.00322946768710608 0.00322946768710608 0.00322946768710608 -0.00322946768710608
 -0.00322946768710608 -0.00322946768710608 0.00322946768710608 -0.00322946768710608 -0.00322946768710608 0.00322946768710608 0.00322946768710608 0.00322946768710608 -0.00322946768710608 0.00322946768710608 -0.00322946768710608 -0.00322946768710608 -0.00322946768710608 0.00322946768710608 -0.00322946768710608 -0.00322946768710608 -0.00322946768710608 -0.00322946768710608 0.00322946768710608 -0.00322946768710608 0.00322946768710608 0.00322946768710608 -0.00322946768710608 -0.00322946768710608 -0.00322946768710608 -0.00322946768710608 -0.00322946768710608 -0.00322946768710608 0.00322946768710608 -0.00322946768710608 0.00322946768710608 0.00322946768710608 -0.00322946768710608 0.00322946768710608 0.00322946768710608 -0.00322946768710608 -0.00322946768710608 -0.00322946768710608 0.00322946768710608 -0.00322946768710608 0.00322946768710608 0.00322946768710608 -0.00322946768710608 -0.00322946768710608 0.00322946768710608 -0.00322946768710608 -0.00322946768710608 -0.00322946768710608 0.00322946768710608 -0.00322946768710608 -0.00322946768710608 -0.00322946768710608 0.00322946768710608 0.00322946768710608 0.00322946768710608 -0.00322946768710608 -0.00322946768710608 0.00322946768710608 -0.00322946768710608 -0.00322946768710608 -0.00322946768710608 -0.00322946768710608 -0.00322946768710608 -0.00322946768710608 -0.00322946768710608 0.00322946768710608 -0.00322946768710608 0.00322946768710608 -0.00322946768710608 -0.00322946768710608 -0.00322946768710608 -0.00322946768710608 0.00322946768710608 -0.00322946768710608 -0.00322946768710608 0.00322946768710608 -0.00322946768710608 -0.00322946768710608 -0.00322946768710608 -0.00322946768710608 0.00322946768710608 0.00322946768710608 0.00322946768710608 -0.00322946768710608 0.00322946768710608 -0.00322946768710608 0.00322946768710608 0.00322946768710608 0.00322946768710608 0.00322946768710608 0.00322946768710608 -0.00322946768710608 -0.00322946768710608 0.00322946768710608 0.00322946768710608 -0.00322946768710608 -0.00322946768710608 0.00322946768710608 0.00322946768710608 0.00322946768710608 -0.00322946768710608
 -2.0623548175535689E-4 -2.0623548175535689E-4 -2.0623548175535689E-4 -2.0623548175535689E-4 -2.0623548175535689E-4 -2.0623548175535689E-4 -2.0623548175535689E-4 -2.0623548175535689E-4 -2.0623548175535689E-4 -2.0623548175535689E-4 -2.0623548175535689E-4 -2.0623548175535689E-4 -2.0623548175535689E-4 -2.0623548175535689E-4 -2.0623548175535689E-4 -2.0623548175535689E-4 -2.0623548175535689E-4 -2.0623548175535689E-4 -2.0623548175535689E-4 -2.0623548175535689E-4 -2.0623548175535689E-4 -2.0623548175535689E-4 -2.0623548175535689E-4 -2.0623548175535689E-4 -2.0623548175535689E-4 -2.0623548175535689E-4 -2.0623548175535689E-4 -2.0623548175535689E-4 -2.0623548175535689E-4 -2.0623548175535689E-4 -2.0623548175535689E-4 2.0623548175535689E-4 -2.0623548175535689E-4 -2.0623548175535689E-4 -2.0623548175535689E-4 -2.0623548175535689E-4 -2.0623548175535689E-4 -2.0623548175535689E-4 -2.0623548175535689E-4 -2.0623548175535689E-4 -2.0623548175535689E-4 -2.0623548175535689E-4 -2.0623548175535689E-4 -2.0623548175535689E-4 -2.0623548175535689E-4 -2.0623548175535689E-4 -2.0623548175535689E-4 -2.0623548175535689E-4 -2.0623548175535689E-4 -2.0623548175535689E-4 -2.0623548175535689E-4 -2.0623548175535689E-4 -2.0623548175535689E-4 -2.0623548175535689E-4 -2.0623548175535689E-4 -2.0623548175535689E-4 -2.0623548175535689E-4 -2.0623548175535689E-4 -2.0623548175535689E-4 -2.0623548175535689E-4 -2.0623548175535689E-4 -2.0623548175535689E-4 -2.0623548175535689E-4 -2.0623548175535689E-4 -2.0623548175535689E-4 2.0623548175535689E-4 -2.0623548175535689E-4 -2.0623548175535689E-4 -2.0623548175535689E-4 -2.0623548175535689E-4 -2.0623548175535689E-4 -2.0623548175535689E-4 -2.0623548175535689E-4 -2.0623548175535689E-4 -2.0623548175535689E-4 -2.0623548175535689E-4 -2.0623548175535689E-4 -2.0623548175535689E-4 -2.0623548175535689E-4 -2.0623548175535689E-4 -2.0623548175535689E-4 -2.0623548175535689E-4 2.0623548175535689E-4 -2.0623548175535689E-4 -2.0623548175535689E-4 -2.0623548175535689E-4 -2.0623548175535689E-4 -2.0623548175535689E-4 -2.0623548175535689E-4 -2.0623548175535689E-4 -2.0623548175535689E-4 -2.0623548175535689E-4 -2.0623548175535689E-4 -2.0623548175535689E-4 -2.0623548175535689E-4 -2.0623548175535689E-4 -2.0623548175535689E-4 2.0623548175535689E-4 -2.0623548175535689E-4 2.0623548175535689E-4 -2.0623548175535689E-4
 -0.0014436921651395096 -0.0014436921651395096 0.0014436921651395096 -0.0014436921651395096 -0.0014436921651395096 0.0014436921651395096 0.0014436921651395096 0.0014436921651395096 -0.0014436921651395096 0.0014436921651395096 -0.0014436921651395096 -0.0014436921651395096 -0.0014436921651395096 0.0014436921651395096 -0.0014436921651395096 -0.0014436921651395096 -0.0014436921651395096 -0.0014436921651395096 0.0014436921651395096 -0.0014436921651395096 0.0014436921651395096 0.0014436921651395096 -0.0014436921651395096 -0.0014436921651395096 -0.0014436921651395096 -0.0014436921651395096 -0.0014436921651395096 -0.0014436921651395096 0.0014436921651395096 -0.0014436921651395096 -0.0014436921651395096 0.0014436921651395096 -0.0014436921651395096 0.0014436921651395096 0.0014436921651395096 -0.0014436921651395096 -0.0014436921651395096 -0.0014436921651395096 0.0014436921651395096 -0.0014436921651395096 0.0014436921651395096 0.0014436921651395096 -0.0014436921651395096 -0.0014436921651395096 0.0014436921651395096 -0.0014436921651395096 -0.0014436921651395096 -0.0014436921651395096 0.0014436921651395096 -0.0014436921651395096 -0.0014436921651395096 -0.0014436921651395096 0.0014436921651395096 0.0014436921651395096 0.0014436921651395096 -0.0014436921651395096 -0.0014436921651395096 0.0014436921651395096 -0.0014436921651395096 -0.0014436921651395096 -0.0014436921651395096 -0.0014436921651395096 -0.0014436921651395096 -0.0014436921651395096 -0.0014436921651395096 0.0014436921651395096 -0.0014436921651395096 0.0014436921651395096 -0.0014436921651395096 -0.0014436921651395096 -0.0014436921651395096 -0.0014436921651395096 0.0014436921651395096 -0.0014436921651395096 -0.0014436921651395096 0.0014436921651395096 -0.0014436921651395096 -0.0014436921651395096 -0.0014436921651395096 -0.0014436921651395096 0.0014436921651395096 0.0014436921651395096 0.0014436921651395096 -0.0014436921651395096 0.0014436921651395096 -0.0014436921651395096 0.0014436921651395096 0.0014436921651395096 0.0014436921651395096 0.0014436921651395096 0.0014436921651395096 -0.0014436921651395096 -0.0014436921651395096 0.0014436921651395096 0.0014436921651395096 -0.0014436921651395096 -0.0014436921651395096 0.0014436921651395096 0.0014436921651395096 0.0014436921651395096 -0.0014436921651395096
 -0.005164067154282748 -0.005164067154282748 0.005164067154282748 -0.005164067154282748 -0.005164067154282748 0.005164067154282748 0.005164067154282748 0.005164067154282748 -0.005164067154282748 0.005164067154282748 -0.005164067154282748 -0.005164067154282748 -0.005164067154282748 0.005164067154282748 -0.005164067154282748 -0.005164067154282748 -0.005164067154282748 -0.005164067154282748 0.005164067154282748 -0.005164067154282748 0.005164067154282748 0.005164067154282748 -0.005164067154282748 -0.005164067154282748 -0.005164067154282748 -0.005164067154282748 -0.005164067154282748 -0.005164067154282748 0.005164067154282748 -0.005164067154282748 0.005164067154282748 0.005164067154282748 -0.005164067154282748 0.005164067154282748 0.005164067154282748 -0.005164067154282748 -0.005164067154282748 -0.005164067154282748 0.005164067154282748 -0.005164067154282748 0.005164067154282748 0.005164067154282748 -0.005164067154282748 -0.005164067154282748 0.005164067154282748 -0.005164067154282748 -0.005164067154282748 -0.005164067154282748 0.005164067154282748 -0.005164067154282748 -0.005164067154282748 -0.005164067154282748 0.005164067154282748 0.005164067154282748 0.005164067154282748 -0.005164067154282748 -0.005164067154282748 0.005164067154282748 -0.005164067154282748 -0.005164067154282748 -0.005164067154282748 -0.005164067154282748 -0.005164067154282748 -0.005164067154282748 -0.005164067154282748 0.005164067154282748 -0.005164067154282748 0.005164067154282748 -0.005164067154282748 -0.005164067154282748 -0.005164067154282748 -0.005164067154282748 0.005164067154282748 -0.005164067154282748 -0.005164067154282748 0.005164067154282748 -0.005164067154282748 -0.005164067154282748 -0.005164067154282748 -0.005164067154282748 0.005164067154282748 0.005164067154282748 0.005164067154282748 -0.005164067154282748 0.005164067154282748 -0.005164067154282748 0.005164067154282748 0.005164067154282748 0.005164067154282748 0.005164067154282748 0.005164067154282748 -0.005164067154282748 -0.005164067154282748 0.005164067154282748 0.005164067154282748 -0.005164067154282748 -0.005164067154282748 0.005164067154282748 0.005164067154282748 0.005164067154282748 -0.005164067154282748
 -0.006724270595668713 -0.006724270595668713 0.006724270595668713 -0.006724270595668713 -0.006724270595668713 0.006724270595668713 0.006724270595668713 0.006724270595668713 -0.006724270595668713 0.006724270595668713 -0.006724270595668713 -0.006724270595668713 -0.006724270595668713 0.006724270595668713 -0.006724270595668713 -0.006724270595668713 -0.006724270595668713 -0.006724270595668713 0.006724270595668713 -0.006724270595668713 0.006724270595668713 0.006724270595668713 -0.006724270595668713 -0.006724270595668713 -0.006724270595668713 -0.006724270595668713 -0.006724270595668713 -0.006724270595668713 0.006724270595668713 -0.006724270595668713 0.006724270595668713 0.006724270595668713 -0.006724270595668713 0.006724270595668713 0.006724270595668713 -0.006724270595668713 -0.006724270595668713 -0.006724270595668713 0.006724270595668713 -0.006724270595668713 0.006724270595668713 0.006724270595668713 -0.006724270595668713 -0.006724270595668713 0.006724270595668713 -0.006724270595668713 -0.006724270595668713 -0.006724270595668713 0.006724270595668713 -0.006724270595668713 -0.006724270595668713 -0.006724270595668713 0.006724270595668713 0.006724270595668713 0.006724270595668713 -0.006724270595668713 -0.006724270595668713 0.006724270595668713 -0.006724270595668713 -0.006724270595668713 -0.006724270595668713 -0.006724270595668713 -0.006724270595668713 -0.006724270595668713 -0.006724270595668713 0.006724270595668713 -0.006724270595668713 0.006724270595668713 -0.006724270595668713 -0.006724270595668713 -0.006724270595668713 -0.006724270595668713 0.006724270595668713 -0.006724270595668713 -0.006724270595668713 0.006724270595668713 -0.006724270595668713 -0.006724270595668713 -0.006724270595668713 -0.006724270595668713 0.006724270595668713 0.006724270595668713 0.006724270595668713 -0.006724270595668713 0.006724270595668713 -0.006724270595668713 0.006724270595668713 0.006724270595668713 0.006724270595668713 0.006724270595668713 0.006724270595668713 -0.006724270595668713 -0.006724270595668713 0.006724270595668713 0.006724270595668713 -0.006724270595668713 -0.006724270595668713 0.006724270595668713 0.006724270595668713 0.006724270595668713 -0.006724270595668713
 -2.506709872540114 -2.506709872540114 2.506709872540114 -2.506709872540114 -2.506709872540114 2.506709872540114 2.506709872540114 2.506709872540114 -2.506709872540114 2.506709872540114 -2.506709872540114 -2.506709872540114 -2.506709872540114 2.506709872540114 -2.506709872540114 -2.506709872540114 -2.506709872540114 -2.506709872540114 2.506709872540114 -2.506709872540114 2.506709872540114 2.506709872540114 -2.506709872540114 -2.506709872540114 -2.506709872540114 -2.506709872540114 -2.506709872540114 -2.506709872540114 2.506709872540114 -2.506709872540114 2.506709872540114 2.506709872540114 -2.506709872540114 2.506709872540114 2.506709872540114 -2.506709872540114 -2.506709872540114 -2.506709872540114 2.506709872540114 -2.506709872540114 2.506709872540114 2.506709872540114 -2.506709872540114 -2.506709872540114 2.506709872540114 -2.506709872540114 -2.506709872540114 -2.506709872540114 2.506709872540114 -2.506709872540114 -2.506709872540114 -2.506709872540114 2.506709872540114 2.506709872540114 2.506709872540114 -2.506709872540114 -2.506709872540114 2.506709872540114 -2.506709872540114 -2.506709872540114 -2.506709872540114 -2.506709872540114 -2.506709872540114 -2.506709872540114 -2.506709872540114 2.506709872540114 -2.506709872540114 2.506709872540114 -2.506709872540114 -2.506709872540114 -2.506709872540114 -2.506709872540114 2.506709872540114 -2.506709872540114 -2.506709872540114 2.506709872540114 -2.506709872540114 -2.506709872540114 -2.506709872540114 -2.506709872540114 2.506709872540114 2.506709872540114 2.506709872540114 -2.506709872540114 2.506709872540114 -2.506709872540114 2.506709872540114 2.506709872540114 2.506709872540114 2.506709872540114 2.506709872540114 -2.506709872540114 -2.506709872540114 2.506709872540114 2.506709872540114 -2.506709872540114 -2.506709872540114 2.506709872540114 2.506709872540114 2.506709872540114 -2.506709872540114
 -10.034550901222701 -10.034550901222701 10.034550901222701 -10.034550901222701 -10.034550901222701 10.034550901222701 10.034550901222701 10.034550901222701 -10.034550901222701 -6.793719390161186 -10.034550901222701 -10.034550901222701 -10.034550901222701 10.034550901222701 -10.034550901222701 -10.034550901222701 -10.034550901222701 -10.034550901222701 10.034550901222701 -10.034550901222701 10.034550901222701 10.034550901222701 -10.034550901222701 -10.034550901222701 -10.034550901222701 -10.034550901222701 -10.034550901222701 -10.034550901222701 10.034550901222701 -10.034550901222701 -6.255495385930317 10.034550901222701 -10.034550901222701 10.034550901222701 10.034550901222701 -10.034550901222701 -10.034550901222701 -10.034550901222701 10.034550901222701 -10.034550901222701 10.034550901222701 10.034550901222701 -10.034550901222701 -10.034550901222701 10.034550901222701 0.3057575882569381 -10.034550901222701 -10.034550901222701 10.034550901222701 -10.034550901222701 -10.034550901222701 -10.034550901222701 10.034550901222701 10.034550901222701 10.034550901222701 -10.034550901222701 -10.034550901222701 10.034550901222701 -10.034550901222701 -10.034550901222701 -10.034550901222701 -10.034550901222701 -10.034550901222701 -10.034550901222701 -10.034550901222701 10.034550901222701 2.6440715274202375 10.034550901222701 -10.034550901222701 -10.034550901222701 -10.034550901222701 -10.034550901222701 10.034550901222701 -10.034550901222701 -10.034550901222701 10.034550901222701 -10.034550901222701 -10.034550901222701 -10.034550901222701 -10.034550901222701 10.034550901222701 10.034550901222701 10.034550901222701 -10.034550901222701 10.034550901222701 -10.034550901222701 10.034550901222701 10.034550901222701 10.034550901222701 10.034550901222701 10.034550901222701 -10.034550901222701 -10.034550901222701 10.034550901222701 10.034550901222701 -10.034550901222701 -10.034550901222701 10.034550901222701 10.034550901222701 10.034550901222701 -10.034550901222701
 -14.423180893253857 -14.423180893253857 14.423180893253857 -14.423180893253857 -14.423180893253857 14.423180893253857 14.423180893253857 14.423180893253857 -14.423180893253857 -9.40976114817363 -14.423180893253857 -14.423180893253857 -14.423180893253857 14.423180893253857 -14.423180893253857 -14.423180893253857 -14.423180893253857 -14.423180893253857 14.423180893253857 -14.423180893253857 14.423180893253857 14.423180893253857 -14.423180893253857 -14.423180893253857 -14.423180893253857 -14.423180893253857 -14.423180893253857 -14.423180893253857 14.423180893253857 -14.423180893253857 -8.577152960776175 14.423180893253857 -14.423180893253857 14.423180893253857 14.423180893253857 -14.423180893253857 -14.423180893253857 -14.423180893253857 14.423180893253857 -14.423180893253857 14.423180893253857 14.423180893253857 -14.423180893253857 -14.423180893253857 14.423180893253857 1.1679658021346313 -14.423180893253857 -14.423180893253857 14.423180893253857 -14.423180893253857 -14.423180893253857 -14.423180893253857 14.423180893253857 14.423180893253857 14.423180893253857 -14.423180893253857 -14.423180893253857 14.423180893253857 -14.423180893253857 -14.423180893253857 -14.423180893253857 -14.423180893253857 -14.423180893253857 -14.423180893253857 -14.423180893253857 14.423180893253857 2.9904436183398957 14.423180893253857 -14.423180893253857 -14.423180893253857 -14.423180893253857 -14.423180893253857 14.423180893253857 -14.423180893253857 -14.423180893253857 14.423180893253857 -14.423180893253857 -14.423180893253857 -14.423180893253857 -14.423180893253857 14.423180893253857 14.423180893253857 14.423180893253857 -14.423180893253857 14.423180893253857 -14.423180893253857 14.423180893253857 14.423180893253857 14.423180893253857 14.423180893253857 14.423180893253857 -14.423180893253857 -14.423180893253857 14.423180893253857 14.423180893253857 -14.423180893253857 -14.423180893253857 14.423180893253857 14.423180893253857 14.423180893253857 -14.423180893253857
 14.446340107933565 14.446340107933565 14.446340107933565 14.446340107933565 14.446340107933565 14.446340107933565 14.446340107933565 14.446340107933565 14.446340107933565 14.446340107933565 14.446340107933565 14.446340107933565 14.446340107933565 14.446340107933565 14.446340107933565 14.446340107933565 14.446340107933565 14.446340107933565 14.446340107933565 14.446340107933565 14.446340107933565 14.446340107933565 14.446340107933565 14.446340107933565 14.446340107933565 14.446340107933565 14.446340107933565 14.446340107933565 14.446340107933565 14.446340107933565 14.446340107933565 14.446340107933565 14.446340107933565 14.446340107933565 14.446340107933565 14.446340107933565 14.446340107933565 14.446340107933565 14.446340107933565 14.446340107933565 14.446340107933565 14.446340107933565 14.446340107933565 14.446340107933565 14.446340107933565 14.446340107933565 14.446340107933565 14.446340107933565 14.446340107933565 14.446340107933565 14.446340107933565 14.446340107933565 14.446340107933565 14.446340107933565 14.446340107933565 14.446340107933565 14.446340107933565 14.446340107933565 14.446340107933565 14.446340107933565 14.446340107933565 14.446340107933565 14.446340107933565 14.446340107933565 14.446340107933565 14.446340107933565 14.446340107933565 14.446340107933565 14.446340107933565 14.446340107933565 14.446340107933565 14.446340107933565 14.446340107933565 14.446340107933565 14.446340107933565 14.446340107933565 14.446340107933565 14.446340107933565 14.446340107933565 14.446340107933565 14.446340107933565 14.446340107933565 14.446340107933565 14.446340107933565 14.446340107933565 14.446340107933565 14.446340107933565 14.446340107933565 14.446340107933565 14.446340107933565 14.446340107933565 14.446340107933565 14.446340107933565 14.446340107933565 14.446340107933565 14.446340107933565 14.446340107933565 14.446340107933565 14.446340107933565 14.446340107933565 14.446340107933565
 2.499982510773407 2.499982510773407 2.499982510773407 2.499982510773407 2.499982510773407 2.499982510773407 2.499982510773407 2.499982510773407 2.499982510773407 2.499982510773407 2.499982510773407 2.499982510773407 2.499982510773407 2.499982510773407 2.499982510773407 2.499982510773407 2.499982510773407 2.499982510773407 2.499982510773407 2.499982510773407 2.499982510773407 2.499982510773407 2.499982510773407 2.499982510773407 2.499982510773407 2.499982510773407 2.499982510773407 2.499982510773407 2.499982510773407 2.499982510773407 2.499982510773407 2.499982510773407 2.499982510773407 2.499982510773407 2.499982510773407 2.499982510773407 2.499982510773407 2.499982510773407 2.499982510773407 2.499982510773407 2.499982510773407 2.499982510773407 2.499982510773407 2.499982510773407 2.499982510773407 2.499982510773407 2.499982510773407 2.499982510773407 2.499982510773407 2.499982510773407 2.499982510773407 2.499982510773407 2.499982510773407 2.499982510773407 2.499982510773407 2.499982510773407 2.499982510773407 2.499982510773407 2.499982510773407 2.499982510773407 2.499982510773407 2.499982510773407 2.499982510773407 2.499982510773407 2.499982510773407 2.499982510773407 2.499982510773407 2.499982510773407 2.499982510773407 2.499982510773407 2.499982510773407 2.499982510773407 2.499982510773407 2.499982510773407 2.499982510773407 2.499982510773407 2.499982510773407 2.499982510773407 2.499982510773407 2.499982510773407 2.499982510773407 2.499982510773407 2.499982510773407 2.499982510773407 2.499982510773407 2.499982510773407 2.499982510773407 2.499982510773407 2.499982510773407 2.499982510773407 2.499982510773407 2.499982510773407 2.499982510773407 2.499982510773407 2.499982510773407 2.499982510773407 2.499982510773407 2.499982510773407 2.499982510773407 2.499982510773407 2.499982510773407
 2.506709872540114 2.506709872540114 -2.506709872540114 2.506709872540114 2.506709872540114 -2.506709872540114 -2.506709872540114 -2.506709872540114 2.506709872540114 -2.506709872540114 2.506709872540114 2.506709872540114 2.506709872540114 -2.506709872540114 2.506709872540114 2.506709872540114 2.506709872540114 2.506709872540114 -2.506709872540114 2.506709872540114 -2.506709872540114 -2.506709872540114 2.506709872540114 2.506709872540114 2.506709872540114 2.506709872540114 2.506709872540114 2.506709872540114 -2.506709872540114 2.506709872540114 -2.506709872540114 -2.506709872540114 2.506709872540114 -2.506709872540114 -2.506709872540114 2.506709872540114 2.506709872540114 2.506709872540114 -2.506709872540114 2.506709872540114 -2.506709872540114 -2.506709872540114 2.506709872540114 2.506709872540114 -2.506709872540114 2.506709872540114 2.506709872540114 2.506709872540114 -2.506709872540114 2.506709872540114 2.506709872540114 2.506709872540114 -2.506709872540114 -2.506709872540114 -2.506709872540114 2.506709872540114 2.506709872540114 -2.506709872540114 2.506709872540114 2.506709872540114 2.506709872540114 2.506709872540114 2.506709872540114 2.506709872540114 2.506709872540114 -2.506709872540114 2.506709872540114 -2.506709872540114 2.506709872540114 2.506709872540114 2.506709872540114 2.506709872540114 -2.506709872540114 2.506709872540114 2.506709872540114 -2.506709872540114 2.506709872540114 2.506709872540114 2.506709872540114 2.506709872540114 -2.506709872540114 -2.506709872540114 -2.506709872540114 2.506709872540114 -2.506709872540114 2.506709872540114 -2.506709872540114 -2.506709872540114 -2.506709872540114 -2.506709872540114 -2.506709872540114 2.506709872540114 2.506709872540114 -2.506709872540114 -2.506709872540114 2.506709872540114 2.506709872540114 -2.506709872540114 -2.506709872540114 -2.506709872540114 2.506709872540114
 14.543463228798828 14.543463228798828 -14.543463228798828 14.543463228798828 14.543463228798828 -14.543463228798828 -14.543463228798828 -14.543463228798828 14.543463228798828 -14.543463228798828 14.543463228798828 14.543463228798828 14.543463228798828 -14.543463228798828 14.543463228798828 14.543463228798828 14.543463228798828 14.543463228798828 -14.543463228798828 14.543463228798828 -14.543463228798828 -14.543463228798828 14.543463228798828 14.543463228798828 14.543463228798828 14.543463228798828 14.543463228798828 14.543463228798828 -14.543463228798828 14.543463228798828 -7.157267608642087 -14.543463228798828 14.543463228798828 -14.543463228798828 -14.543463228798828 14.543463228798828 14.543463228798828 14.543463228798828 -14.543463228798828 14.543463228798828 -14.543463228798828 -14.543463228798828 14.543463228798828 14.543463228798828 -14.543463228798828 5.881880837785502 14.543463228798828 14.543463228798828 -14.543463228798828 14.543463228798828 14.543463228798828 14.543463228798828 -14.543463228798828 -14.543463228798828 -14.543463228798828 14.543463228798828 14.543463228798828 -14.543463228798828 14.543463228798828 14.543463228798828 14.543463228798828 14.543463228798828 14.543463228798828 14.543463228798828 14.543463228798828 -14.543463228798828 14.543463228798828 -14.543463228798828 14.543463228798828 14.543463228798828 14.543463228798828 14.543463228798828 -14.543463228798828 14.543463228798828 14.543463228798828 -14.543463228798828 14.543463228798828 14.543463228798828 14.543463228798828 14.543463228798828 -14.543463228798828 -14.543463228798828 -14.543463228798828 14.543463228798828 -14.543463228798828 14.543463228798828 -14.543463228798828 -14.543463228798828 -14.543463228798828 -14.543463228798828 -14.543463228798828 14.543463228798828 14.543463228798828 -14.543463228798828 -14.543463228798828 14.543463228798828 14.543463228798828 -14.543463228798828 -14.543463228798828 -14.543463228798828 14.543463228798828
 -14.423180893253857 -14.423180893253857 14.423180893253857 -14.423180893253857 -14.423180893253857 14.423180893253857 14.423180893253857 14.423180893253857 -14.423180893253857 -9.40976114817363 -14.423180893253857 -14.423180893253857 -14.423180893253857 14.423180893253857 -14.423180893253857 -14.423180893253857 -14.423180893253857 -14.423180893253857 14.423180893253857 -14.423180893253857 14.423180893253857 14.423180893253857 -14.423180893253857 -14.423180893253857 -14.423180893253857 -14.423180893253857 -14.423180893253857 -14.423180893253857 14.423180893253857 -14.423180893253857 -8.577152960776175 14.423180893253857 -14.423180893253857 14.423180893253857 14.423180893253857 -14.423180893253857 -14.423180893253857 -14.423180893253857 14.423180893253857 -14.423180893253857 14.423180893253857 14.423180893253857 -14.423180893253857 -14.423180893253857 14.423180893253857 1.1679658021346313 -14.423180893253857 -14.423180893253857 14.423180893253857 -14.423180893253857 -14.423180893253857 -14.423180893253857 14.423180893253857 14.423180893253857 14.423180893253857 -14.423180893253857 -14.423180893253857 14.423180893253857 -14.423180893253857 -14.423180893253857 -14.423180893253857 -14.423180893253857 -14.423180893253857 -14.423180893253857 -14.423180893253857 14.423180893253857 2.9904436183398957 14.423180893253857 -14.423180893253857 -14.423180893253857 -14.423180893253857 -14.423180893253857 14.423180893253857 -14.423180893253857 -14.423180893253857 14.423180893253857 -14.423180893253857 -14.423180893253857 -14.423180893253857 -14.423180893253857 14.423180893253857 14.423180893253857 14.423180893253857 -14.423180893253857 14.423180893253857 -14.423180893253857 14.423180893253857 14.423180893253857 14.423180893253857 14.423180893253857 14.423180893253857 -14.423180893253857 -14.423180893253857 14.423180893253857 14.423180893253857 -14.423180893253857 -14.423180893253857 14.423180893253857 14.423180893253857 14.423180893253857 -14.423180893253857
 -26.806084703844363 -26.806084703844363 26.806084703844363 -26.806084703844363 -26.806084703844363 26.806084703844363 26.806084703844363 26.806084703844363 -26.806084703844363 -21.792664958764135 -26.806084703844363 -26.806084703844363 -26.806084703844363 26.806084703844363 -26.806084703844363 -26.806084703844363 -26.806084703844363 -26.806084703844363 26.806084703844363 -26.806084703844363 26.806084703844363 26.806084703844363 -26.806084703844363 -26.806084703844363 -26.806084703844363 -26.806084703844363 -26.806084703844363 -26.806084703844363 26.806084703844363 -26.806084703844363 -19.106179281685172 26.806084703844363 -26.806084703844363 26.806084703844363 26.806084703844363 -26.806084703844363 -26.806084703844363 -26.806084703844363 26.806084703844363 -26.806084703844363 26.806084703844363 26.806084703844363 -26.806084703844363 -26.806084703844363 26.806084703844363 -5.644861045350126 -26.806084703844363 -26.806084703844363 26.806084703844363 -26.806084703844363 -26.806084703844363 -26.806084703844363 26.806084703844363 26.806084703844363 26.806084703844363 -26.806084703844363 -26.806084703844363 26.806084703844363 -26.806084703844363 -26.806084703844363 -26.806084703844363 -26.806084703844363 -26.806084703844363 -26.806084703844363 -26.806084703844363 26.806084703844363 13.520059226732656 26.806084703844363 -26.806084703844363 -26.806084703844363 -26.806084703844363 -26.806084703844363 26.806084703844363 -26.806084703844363 -26.806084703844363 26.806084703844363 -26.806084703844363 -26.806084703844363 -26.806084703844363 -26.806084703844363 26.806084703844363 26.806084703844363 26.806084703844363 -26.806084703844363 26.806084703844363 -26.806084703844363 26.806084703844363 26.806084703844363 26.806084703844363 26.806084703844363 26.806084703844363 -26.806084703844363 -26.806084703844363 26.806084703844363 26.806084703844363 -26.806084703844363 -26.806084703844363 26.806084703844363 26.806084703844363 26.806084703844363 -26.806084703844363
 -96.80614264148994 -96.80614264148994 96.80614264148994 -96.80614264148994 -96.80614264148994 96.80614264148994 96.80614264148994 96.80614264148994 -96.80614264148994 -50.994707936685245 -96.80614264148994 -96.80614264148994 -96.80614264148994 96.80614264148994 -96.80614264148994 -96.80614264148994 -96.80614264148994 -96.80614264148994 96.80614264148994 -96.80614264148994 96.80614264148994 96.80614264148994 -96.80614264148994 -96.80614264148994 -96.80614264148994 -96.80614264148994 -96.80614264148994 -96.80614264148994 96.80614264148994 -96.80614264148994 -31.955262839903526 96.80614264148994 -96.80614264148994 96.80614264148994 96.80614264148994 -96.80614264148994 -96.80614264148994 -96.80614264148994 96.80614264148994 -96.80614264148994 96.80614264148994 96.80614264148994 -96.80614264148994 -96.80614264148994 96.80614264148994 -18.325826246302313 -96.80614264148971 -96.80614264149017 96.80614264148994 -96.80614264149017 -96.80614264149062 -96.80614264149062 96.80614264148994 96.80614264148994 96.80614264148994 -96.8061426414929 -96.80614264149244 96.80614264148994 -96.80614264149244 -96.80614264149199 -96.80614264149199 -96.80614264149244 -96.8061426414929 -96.8061426414929 -96.80614264149335 96.80614264148994 0.9922718015786813 96.80614264148994 -96.8061426414929 -96.8061426414929 -96.8061426414929 -96.8061426414929 96.80614264148994 -96.8061426414929 -96.8061426414929 96.80614264148994 -96.80614264149335 -96.80614264149335 -96.8061426414929 -96.8061426414929 96.80614264148994 96.80614264148994 96.80614264148994 -96.80614264149335 96.80614264148994 -96.8061426414938 96.80614264148994 96.80614264148994 96.80614264148994 96.80614264148994 96.80614264148994 -96.80614264149472 -96.80614264149426 96.80614264148994 96.80614264148994 -96.80614264149426 -96.80614264149472 96.80614264148994 96.80614264148994 96.80614264148994 -96.80614264149472
 -96.80614264148994 -96.80614264148994 96.80614264148994 -96.80614264148994 -96.80614264148994 96.80614264148994 96.80614264148994 96.80614264148994 -96.80614264148994 -50.994707936685245 -96.80614264148994 -96.80614264148994 -96.80614264148994 96.80614264148994 -96.80614264148994 -96.80614264148994 -96.80614264148994 -96.80614264148994 96.80614264148994 -96.80614264148994 96.80614264148994 96.80614264148994 -96.80614264148994 -96.80614264148994 -96.80614264148994 -96.80614264148994 -96.80614264148994 -96.80614264148994 96.80614264148994 -96.80614264148994 -31.955262839903526 96.80614264148994 -96.80614264148994 96.80614264148994 96.80614264148994 -96.80614264148994 -96.80614264148994 -96.80614264148994 96.80614264148994 -96.80614264148994 96.80614264148994 96.80614264148994 -96.80614264148994 -96.80614264148994 96.80614264148994 -18.325826246302313 -96.80614264148971 -96.80614264149017 96.80614264148994 -96.80614264149017 -96.80614264149062 -96.80614264149062 96.80614264148994 96.80614264148994 96.80614264148994 -96.8061426414929 -96.80614264149244 96.80614264148994 -96.80614264149244 -96.80614264149199 -96.80614264149199 -96.80614264149244 -96.8061426414929 -96.8061426414929 -96.80614264149335 96.80614264148994 0.9922718015786813 96.80614264148994 -96.8061426414929 -96.8061426414929 -96.8061426414929 -96.8061426414929 96.80614264148994 -96.8061426414929 -96.8061426414929 96.80614264148994 -96.80614264149335 -96.80614264149335 -96.8061426414929 -96.8061426414929 96.80614264148994 96.80614264148994 96.80614264148994 -96.80614264149335 96.80614264148994 -96.8061426414938 96.80614264148994 96.80614264148994 96.80614264148994 96.80614264148994 96.80614264148994 -96.80614264149472 -96.80614264149426 96.80614264148994 96.80614264148994 -96.80614264149426 -96.80614264149472 96.80614264148994 96.80614264148994 96.80614264148994 -96.80614264149472
 -96.80614264148994 -96.80614264148994 96.80614264148994 -96.80614264148994 -96.80614264148994 96.80614264148994 96.80614264148994 96.80614264148994 -96.80614264148994 -50.994707936685245 -96.80614264148994 -96.80614264148994 -96.80614264148994 96.80614264148994 -96.80614264148994 -96.80614264148994 -96.80614264148994 -96.80614264148994 96.80614264148994 -96.80614264148994 96.80614264148994 96.80614264148994 -96.80614264148994 -96.80614264148994 -96.80614264148994 -96.80614264148994 -96.80614264148994 -96.80614264148994 96.80614264148994 -96.80614264148994 -31.955262839903526 96.80614264148994 -96.80614264148994 96.80614264148994 96.80614264148994 -96.80614264148994 -96.80614264148994 -96.80614264148994 96.80614264148994 -96.80614264148994 96.80614264148994 96.80614264148994 -96.80614264148994 -96.80614264148994 96.80614264148994 -18.325826246302313 -96.80614264148971 -96.80614264149017 96.80614264148994 -96.80614264149017 -96.80614264149062 -96.80614264149062 96.80614264148994 96.80614264148994 96.80614264148994 -96.8061426414929 -96.80614264149244 96.80614264148994 -96.80614264149244 -96.80614264149199 -96.80614264149199 -96.80614264149244 -96.8061426414929 -96.8061426414929 -96.80614264149335 96.80614264148994 0.9922718015786813 96.80614264148994 -96.8061426414929 -96.8061426414929 -96.8061426414929 -96.8061426414929 96.80614264148994 -96.8061426414929 -96.8061426414929 96.80614264148994 -96.80614264149335 -96.80614264149335 -96.8061426414929 -96.8061426414929 96.80614264148994 96.80614264148994 96.80614264148994 -96.80614264149335 96.80614264148994 -96.8061426414938 96.80614264148994 96.80614264148994 96.80614264148994 96.80614264148994 96.80614264148994 -96.80614264149472 -96.80614264149426 96.80614264148994 96.80614264148994 -96.80614264149426 -96.80614264149472 96.80614264148994 96.80614264148994 96.80614264148994 -96.80614264149472
 -15.807225281489536 -15.807225281489536 15.807225281489536 -15.807225281489536 -15.807225281489536 18.320112686173616 18.320112686173616 15.807225281489536 -15.807225281489536 18.320112686173616 18.320112686173616 -15.807225281489536 18.320112686173616 15.807225281489536 -15.807225281489536 -15.807225281489536 -15.807225281489536 -15.807225281489536 15.807225281489536 -15.807225281489536 15.807225281489536 18.320112686173616 -15.807225281489536 -15.807225281489536 -15.807225281489536 -15.807225281489536 -15.807225281489536 -15.807225281489536 18.10752236294502 -15.807225281489536 18.320112686173616 15.807225281489536 -15.807225281489536 15.807225281489536 15.807225281489536 -15.807225281489536 -15.807225281489536 -15.807225281489536 15.807225281489536 -15.807225281489536 15.807225281489536 15.807225281489536 -15.807225281489536 -15.807225281489536 15.807225281489536 18.320112686173616 -18.320112686173616 -15.807225281489536 15.807225281489536 -15.807225281489536 -15.807225281489536 -15.807225281489536 15.807225281489536 15.807225281489536 15.807225281489536 -15.807225281489536 -15.807225281489536 15.807225281489536 -15.807225281489536 -15.807225281489536 -15.807225281489536 -15.807225281489536 -15.807225281489536 -15.807225281489536 -15.807225281489536 15.807225281489536 -18.320112686173616 15.807225281489536 -15.807225281489536 -15.807225281489536 -15.807225281489536 -15.807225281489536 -18.320112686173616 -17.390915029906864 -15.807225281489536 15.807225281489536 -15.807225281489536 -15.807225281489536 -15.807225281489536 -18.320112686173616 15.807225281489536 -18.320112686173616 15.807225281489536 -15.807225281489536 15.807225281489536 -15.807225281489536 15.807225281489536 15.807225281489536 -18.320112686173616 15.807225281489536 15.807225281489536 -18.320112686173616 -15.807225281489536 15.807225281489536 15.807225281489536 -15.807225281489536 -18.320112686173616 15.807225281489536 15.807225281489536 15.807225281489536 -15.807225281489536
 0.0 0.0 0.0 0.0 0.0 0.0 0.0 0.0 0.0 0.0 0.0 0.0 0.0 0.0 0.0 0.0 0.0 0.0 0.0 0.0 0.0 0.0 0.0 0.0 0.0 0.0 0.0 0.0 0.0 0.0 0.0 0.0 0.0 0.0 0.0 0.0 0.0 0.0 0.0 0.0 0.0 0.0 0.0 0.0 0.0 0.0 0.0 0.0 0.0 0.0 0.0 0.0 0.0 0.0 0.0 0.0 0.0 0.0 0.0 0.0 0.0 0.0 0.0 0.0 0.0 0.0 0.0 0.0 0.0 0.0 0.0 0.0 0.0 0.0 0.0 0.0 0.0 0.0 0.0 0.0 0.0 0.0 0.0 0.0 0.0 0.0 0.0 0.0 0.0 0.0 0.0 0.0 0.0 0.0 0.0 0.0 0.0 0.0 0.0 0.0 0.0
 0.0 0.0 0.0 0.0 0.0 0.0 0.0 0.0 0.0 0.0 0.0 0.0 0.0 0.0 0.0 0.0 0.0 0.0 0.0 0.0 0.0 0.0 0.0 0.0 0.0 0.0 0.0 0.0 0.0 0.0 0.0 0.0 0.0 0.0 0.0 0.0 0.0 0.0 0.0 0.0 0.0 0.0 0.0 0.0 0.0 0.0 0.0 0.0 0.0 0.0 0.0 0.0 0.0 0.0 0.0 0.0 0.0 0.0 0.0 0.0 0.0 0.0 0.0 0.0 0.0 0.0 0.0 0.0 0.0 0.0 0.0 0.0 0.0 0.0 0.0 0.0 0.0 0.0 0.0 0.0 0.0 0.0 0.0 0.0 0.0 0.0 0.0 0.0 0.0 0.0 0.0 0.0 0.0 0.0 0.0 0.0 0.0 0.0 0.0 0.0 0.0
 0.0 0.0 0.0 0.0 0.0 0.0 0.0 0.0 0.0 0.0 0.0 0.0 0.0 0.0 0.0 0.0 0.0 0.0 0.0 0.0 0.0 0.0 0.0 0.0 0.0 0.0 0.0 0.0 0.0 0.0 0.0 0.0 0.0 0.0 0.0 0.0 0.0 0.0 0.0 0.0 0.0 0.0 0.0 0.0 0.0 0.0 0.0 0.0 0.0 0.0 0.0 0.0 0.0 0.0 0.0 0.0 0.0 0.0 0.0 0.0 0.0 0.0 0.0 0.0 0.0 0.0 0.0 0.0 0.0 0.0 0.0 0.0 0.0 0.0 0.0 0.0 0.0 0.0 0.0 0.0 0.0 0.0 0.0 0.0 0.0 0.0 0.0 0.0 0.0 0.0 0.0 0.0 0.0 0.0 0.0 0.0 0.0 0.0 0.0 0.0 0.0
